0.17597998471272885	0.27013985888291375	0.0
0.23901178023135627	0.275780921049522	0.0
0.200129251869891	0.2422470871153892	0.0
0.16150463998724263	0.2082219940453484	0.0
0.22351352686175496	0.29710292559922036	0.0
0.22968902870487648	0.28764524108533407	0.0
0.19933048554974042	0.2308148274706029	0.0
0.19169678513731087	0.17930947688401414	0.0
0.19669864789020747	0.17159890361568586	0.0
0.1912637555016436	0.23099284695023048	0.0
0.253220036896871	0.20061516545794408	0.0
0.23585824748439838	0.23338787364882144	0.0
0.19839337367575105	0.34200245865584467	0.0
0.1385098971091902	0.09002625457674779	0.0
0.24254790088941686	0.3253453679451635	0.0
0.17562433130988625	0.2583912023111121	0.0
0.21664469239949968	0.23268482629521134	0.0
0.2212947529050794	0.25800614439347447	0.0
0.25527772525422293	0.34741289026191363	0.0
0.21547606521427265	0.4348411025138927	0.0
0.19122084506433268	0.12181932212700713	0.0
0.23250939197396617	0.29478485183850495	0.0
0.18318685024124703	0.20400913420261202	0.0
0.13252364768279834	0.05215432848039597	0.0
0.19989992700592707	0.16804927127346253	0.0
0.23196002403873603	0.2988926435789423	0.0
0.18328815423054196	0.2515429820587116	0.0
0.16174804167210954	0.23722373700738134	0.0
0.21185460288501856	0.09737313251243851	0.0
0.16432948404850117	0.1326601407509752	0.0
0.16976641738613363	0.24537603591564766	0.0
0.24025781207571859	0.16579643271403882	0.0
0.18685327171250776	0.07709577596014477	0.0
0.24757098827957175	0.17162239127082743	0.0
0.17244346574338737	0.3515720816785516	0.0
0.2069338052029715	0.27557128395840014	0.0
0.1733115811391951	0.13206451039228473	0.0
0.2073948833861876	0.18516812813018468	0.0
0.21276872951757003	0.2268846900953385	0.0
0.19254867014281424	0.27236450130563084	0.0
0.2203081877325108	0.3226222215779539	0.0
0.1866812915977602	0.20193021741013306	0.0
0.1796164189138646	0.20181748350357767	0.0
0.1773401893489931	0.05620616577527149	0.0
0.18280879403892508	0.12608826913737908	0.0
0.19051957599836583	0.20267720098514336	0.0
0.13446280708296837	0.15795319705181948	0.0
0.21000547207549872	0.23831691421450082	0.0
0.18973820803741281	0.1422351137606207	0.0
0.22510022593517393	0.18376211918556626	0.0
0.19209769027723478	0.19303357308135957	0.0
0.15019250711949816	0.0648202185857204	0.0
0.1849553658881995	0.2218984778797523	0.0
0.21367529102998356	0.3306874826929976	0.0
0.23280234102674355	0.4158786156890577	0.0
0.19405456713519847	0.27738361653242805	0.0
0.245718443377426	0.16470188860596713	0.0
0.23607114464128817	0.35567945059884853	0.0
0.19411183971710427	0.12385645730685668	0.0
0.2089068764051674	0.3570360660258557	0.0
0.14675380162223778	0.1773003560913687	0.0
0.07393980895221958	0.16065402502245596	0.0
0.17314545513424867	0.1250398856008585	0.0
0.23397515141917788	0.2817451800096348	0.0
0.20255126369285656	0.22896948446314383	0.0
0.1790448030817124	0.17731368647690218	0.0
0.2083332597702619	0.2676992605199259	0.0
0.194964881189213	0.21603616208352122	0.0
0.2058621556566204	0.20845790858607485	0.0
0.23695341044048135	0.2821033459197516	0.0
0.18713564849549158	0.30660136134122573	0.0
0.19267823288514052	0.22893124547448607	0.0
0.21687717588176159	0.18936544925961274	0.0
0.23048620552482188	0.23496450323242715	0.0
0.2573582677831825	0.2005881024628376	0.0
0.172731093287261	0.13111727666716727	0.0
0.17201915935961726	0.22387494433049865	0.0
0.20215224083267785	0.26111300373520074	0.0
0.19207776550598044	0.3078867611644662	0.0
0.22561172671135785	0.3574198809175938	0.0
0.19859679522941348	0.23157058971321087	0.0
0.14619616611953518	0.04295009794086868	0.0
0.15712514283471735	0.1717131086993548	0.0
0.2295558337651774	0.19965016834460117	0.0
0.21924246827576238	0.31473310351392203	0.0
0.17951685635550435	0.2727693469429494	0.0
0.21012705054528638	0.1698646184988802	0.0
0.20476007892571116	0.2791314224230895	0.0
0.19498138041435203	0.19216501396827995	0.0
0.2005778364792713	0.32529828477811257	0.0
0.24681695662946468	0.35657684776601956	0.0
0.19009556607151312	0.3508456992403696	0.0
0.21154444189470917	0.222326254157321	0.0
0.19019391204693453	0.18313933159898382	0.0
0.1876662861300037	0.29841102522500756	0.0
0.21823504420693926	0.25999916111193705	0.0
0.17344105802923354	0.2500176988368724	0.0
0.1803604569077617	0.1966906840139363	0.0
0.1993087166931667	0.2513307511412771	0.0
0.20805663555699058	0.2369325805562297	0.0
0.2355495362196364	0.2788516571041312	0.0
0.16231658807948945	0.20444404738454958	0.0
0.19161632109362053	0.24764521174708995	0.0
0.254799466770249	0.21533351915876284	0.0
0.131811658706049	0.16368928246140413	0.0
0.17142750067712675	0.15813517946107397	0.0
0.24215972906664937	0.1459913939844113	0.0
0.2167253667687055	0.3103305162361618	0.0
0.271313792206251	0.3304476873732557	0.0
0.22306143820749474	0.3135184076387546	0.0
0.061284845664246634	0.11923820179034356	0.0
0.20684664873239808	0.29889653009112616	0.0
0.19485727584076568	0.1686862695675861	0.0
0.1870525537314306	0.146277386192592	0.0
0.1560881352698099	0.2963727071610295	0.0
0.16923119580290852	0.10169744343946574	0.0
0.1743546158743352	0.20222064922171515	0.0
0.24303192040682942	0.1535042231592385	0.0
0.19452206531445998	0.20550297820950442	0.0
0.19533567403484436	0.15816428217123624	0.0
0.18298850720177479	0.30494703482940655	0.0
0.17246721661795644	0.10154057390034527	0.0
0.16737694317807938	0.11291354901593387	0.0
0.15952424435593943	0.17809374642342216	0.0
0.18039641305448295	0.3513343385023495	0.0
0.18733215526571584	0.15359055993064868	0.0
0.17081458059118848	0.15377514138527143	0.0
0.15772174006366818	0.23631354327642973	0.0
0.2271788980669746	0.17169057530227344	0.0
0.23460846362318244	0.08887178395998463	0.0
0.24305301962278006	0.06550311928999614	0.0
0.25872296821743745	0.3172374892919993	0.0
0.21069888102744294	0.2539684837577457	0.0
0.25076064447404395	0.19241482822695324	0.0
0.24453941429505502	0.4385536915067097	0.0
0.20963806401445928	0.3014965177015937	0.0
0.23931102136585708	0.14847898105006163	0.0
0.16354715092193128	0.06339199565755183	0.0
0.1688177661979416	0.23259515951070348	0.0
0.0571076708606757	0.037219010240539585	0.0
0.19701261519707886	0.1932187941141445	0.0
0.21178847946736282	0.21634943832733666	0.0
0.2598606812620349	0.2783244904424622	0.0
0.2168834521794622	0.19291405343440238	0.0
0.2269409244670635	0.2869736823709915	0.0
0.19234037468748638	0.19733398784032444	0.0
0.17931343627511948	0.1701871960945885	0.0
0.19709178559686197	0.33651451247580266	0.0
0.21566197204753346	0.3802223470132094	0.0
0.15721000348690795	0.09325553532264064	0.0
0.19237111564043013	0.08995831830487672	0.0
0.15008490790707085	0.18246578814146766	0.0
0.2183389260539228	0.35945613605083004	0.0
0.20847613072585044	0.2607261024206346	0.0
0.18239502428083088	0.2189612871595548	0.0
0.19948856762240325	0.27535753887966147	0.0
0.25006746508390043	0.2949322420015918	0.0
0.19741401842855405	0.08985460386575356	0.0
0.18506388354404335	0.09117880407591955	0.0
0.2700069459350166	0.2293262122176085	0.0
0.1765051389446926	0.28546317317936776	0.0
0.2127630532037523	0.1475934482421865	0.0
0.20538270493836827	0.27412432790066676	0.0
0.1858451658004614	0.260596955071605	0.0
0.19441695051420332	0.24349145025188174	0.0
0.2213401003535887	0.3240492365454	0.0
0.2355409779955885	0.20928738841520844	0.0
0.1715722243170873	0.22778054744879814	0.0
0.21850398513845373	0.3050757455757748	0.0
0.20038798536460517	0.2883378231029804	0.0
0.14310361216835105	0.18474349128764997	0.0
0.15884326279197963	0.1743065372981531	0.0
0.18259654524849006	0.1843335858003564	0.0
0.1606872525859231	0.20751049157619247	0.0
0.202089066675164	0.23920776647861644	0.0
0.2250095791080888	0.32304239610970054	0.0
0.19950176272607134	0.19841329004303387	0.0
0.24467912644631756	0.28455312499911584	0.0
0.2012826476073199	0.1674085520058185	0.0
0.20327041316912428	0.16646601814134987	0.0
0.22721687144593508	0.31166365851504424	0.0
0.20984934253704923	0.21293493039611508	0.0
0.25440163359107953	0.25394006288192605	0.0
0.17427171733486085	0.16369115283275126	0.0
0.22045624382524104	0.3281338842599634	0.0
0.17595019993558175	0.12317275154607432	0.0
0.1409335839802257	0.06596046999595773	0.0
0.1720719875350758	0.19454878806777884	0.0
0.21353307200887314	0.23980319991471696	0.0
0.17603902262046495	0.2109374265153528	0.0
0.1751578570556947	0.19521463648674284	0.0
0.2024756590031565	0.2121111075919666	0.0
0.23188718924273272	0.17152481679113363	0.0
0.1713917619061291	0.22252657379397203	0.0
0.15606496262722902	0.1363271560190361	0.0
0.18934212362934955	0.21094677931484743	0.0
0.18615789085531498	0.2592423820863505	0.0
0.20154087267589899	0.23105028377472125	0.0
0.20396388217342998	0.29679869546223525	0.0
0.17320630672466436	0.19086287930336482	0.0
0.21590798124738486	0.24155444377524837	0.0
0.1258524963880091	0.07661659139879706	0.0
0.19623553077754113	0.14184602829491239	0.0
0.17886892247884195	0.3105125297867096	0.0
0.23931498956872804	0.29983466712171714	0.0
0.21535288448418657	0.221918021151056	0.0
0.21625769556951802	0.15864037356233873	0.0
0.17108685700627713	0.14963644756468047	0.0
0.1761370371350957	0.19443853582713166	0.0
0.18728083745725926	0.24958627628821975	0.0
0.18659326934079706	0.16587062631900246	0.0
0.17182661376501385	0.1794200314923705	0.0
0.2242372160269111	0.26193201447412506	0.0
0.18108150114182842	0.23251553185840268	0.0
0.19230172326855327	0.35750802470077087	0.0
0.22386026505395798	0.3404521057769061	0.0
0.17865943567597992	0.1962717639747917	0.0
0.17596041069225554	0.19340971116137107	0.0
0.22011999550159297	0.17895120494629962	0.0
0.18532103275673667	0.1300210366015238	0.0
0.18153659356831875	0.20206678679384402	0.0
0.21462602801198055	0.27843136548208447	0.0
0.20872850388670863	0.2156146725796933	0.0
0.21596639918506966	0.23353439430023	0.0
0.1901585144073109	0.11107943376352558	0.0
0.26718313520671444	0.42649240091182966	0.0
0.22321841543061097	0.15617703947277856	0.0
0.22237612032929707	0.2719228073127833	0.0
0.16395611848027725	0.2405958111038325	0.0
0.20421513516405526	0.28378339037120637	0.0
0.20587951886367592	0.31199004668216523	0.0
0.19726507202967142	0.18665360200653022	0.0
0.17053715376288908	0.13333677279087253	0.0
0.23230000427707484	0.26563814502518157	0.0
0.15946635170790274	0.13593689211359888	0.0
0.15914395096072093	0.11585193232418106	0.0
0.2275515499214481	0.26636166940319694	0.0
0.22970741346387807	0.17149689006743785	0.0
0.2332989205145961	0.283145756292547	0.0
0.20527860231967018	0.22411546410643135	0.0
0.0	0.04255157933735221	0.0
0.16744221011752786	0.18607330365260308	0.0
0.17500684068401368	0.22350040723920656	0.0
0.17160901226716962	0.19866888956795606	0.0
0.22631978421939694	0.19172199833459255	0.0
0.2345988745176222	0.2540427984194975	0.0
0.18069449002841076	0.24329904587249723	0.0
0.19850200234042087	0.2943373591938282	0.0
0.18555128032079993	0.27771088819181855	0.0
0.2281086074797919	0.189534943962102	0.0
0.15084797760009844	0.1417396774974935	0.0
0.2093641073824563	0.25719759009141385	0.0
0.2499775505698992	0.15431129748779154	0.0
0.1918170317704151	0.28023787839340175	0.0
0.21671178625200696	0.2207770114977554	0.0
0.17665708641379013	0.22638672374025373	0.0
0.19988408478054404	0.3203351852343483	0.0
0.15077064048389432	0.22649435591199507	0.0
0.24317587350218622	0.20646723561178051	0.0
0.21692795940938245	0.296399856263312	0.0
0.17770254120185347	0.15725581030365116	0.0
0.18800668113278513	0.2123927130822382	0.0
0.20746937650439304	0.2911268325309042	0.0
0.19893053015916162	0.19445855298196757	0.0
0.19794518698767655	0.1995076930294837	0.0
0.1572112207507924	0.16299649078779344	0.0
0.205261855606713	0.2405348872054152	0.0
0.1710307515279444	0.17588107478547327	0.0
0.23359096269151108	0.32190421945358705	0.0
0.19977210176970606	0.20533878535635322	0.0
0.092118052815368	0.15372541031823728	0.0
0.16037551887190743	0.15323619438527547	0.0
0.23335223831218244	0.17409007872526222	0.0
0.20069710649052463	0.235566723946473	0.0
0.1973336525228665	0.09702782585293623	0.0
0.18516645261227938	0.2454041773342907	0.0
0.19557321358382812	0.303986430140546	0.0
0.22762527496576765	0.25599313704951543	0.0
0.16808300091985645	0.23843189787442023	0.0
0.19377277141498717	0.07417462124199198	0.0
0.19853544037133192	0.23599125286684913	0.0
0.2152809305334617	0.2148002778686442	0.0
0.20760579842860136	0.2412699945226485	0.0
0.2228119787359395	0.11935178095760801	0.0
0.2175322152890943	0.25356935949557985	0.0
0.19949655568224417	0.35731462071236414	0.0
0.2146450544422538	0.2219018286754575	0.0
0.1769775045762546	0.09654613943675261	0.0
0.17327089323722544	0.2206452496921648	0.0
0.23599428357903984	0.2294520201580147	0.0
0.21327348602030316	0.23144224019516155	0.0
0.15222528152969356	0.059445086544670345	0.0
0.20705533810028315	0.21158050776166312	0.0
0.18643630177741977	0.29490566483882213	0.0
0.20928962812217514	0.2459046630073299	0.0
0.1820719705217551	0.30525992304185534	0.0
0.22454666989430846	0.24938128642960647	0.0
0.15891055487337452	0.2498147880556574	0.0
0.22332043963498766	0.24744917506098196	0.0
0.16030576447521605	0.19710973481314165	0.0
0.15763408995028622	0.14423115035280787	0.0
0.193572491429228	0.29588709940102975	0.0
0.22896695526512814	0.28623643400137666	0.0
0.1815931467736313	0.19121306845088015	0.0
0.23046535575189936	0.27099417398066783	0.0
0.19127608397128	0.1893994185326564	0.0
0.1917915962910517	0.22904677377121174	0.0
0.13628670545976934	0.16573165521236777	0.0
0.20385748284179767	0.36544727196828736	0.0
0.2068743615876331	0.3750215494544455	0.0
0.16641792601238092	0.2163312276672992	0.0
0.20471694654306197	0.08399552303670221	0.0
0.19009505575805125	0.17864640744895882	0.0
0.20742891484838918	0.2868200638300614	0.0
0.2028831653348452	0.11568253980189536	0.0
0.17958982823591946	0.25001025292085527	0.0
0.22295084874695317	0.25798866771086265	0.0
0.17548983138261143	0.2287657564614064	0.0
0.2288398932304992	0.2803343234426683	0.0
0.15775841103974514	0.17824962631393285	0.0
0.16110303938122794	0.2128794511459676	0.0
0.18657897187832512	0.26372401080774066	0.0
0.20416357046524938	0.30068427995385294	0.0
0.25917289666352034	0.26757474762043576	0.0
0.22519471973916647	0.35918168492309505	0.0
0.17390475619259826	0.33642264612307016	0.0
0.2060312270603418	0.16865962383046423	0.0
0.2537022663317491	0.35251462977451575	0.0
0.23204462224049063	0.1956554030921748	0.0
0.17224714951050352	0.3297123302683974	0.0
0.16995432613297612	0.30784167280725194	0.0
0.23381569587546383	0.3146630906185619	0.0
0.22968171470161555	0.22879674176293477	0.0
0.21617547518207159	0.21035916904497484	0.0
0.18022176230003517	0.21658249584473002	0.0
0.20038453773680548	0.3874011812653083	0.0
0.23467182818062343	0.3542767232127313	0.0
0.26002364591696037	0.33211711912187075	0.0
0.15619796260696056	0.144321514301036	0.0
0.20780076239226	0.3105212029151592	0.0
0.1766590635831375	0.1378952203936356	0.0
0.19042706638309959	0.12138214781275497	0.0
0.2123677487899462	0.1963004181464585	0.0
0.24147174812208202	0.1182416757365855	0.0
0.2457763033832412	0.30775385788618365	0.0
0.23252933715495727	0.3032362292931217	0.0
0.2725194017301585	0.28590497461385767	0.0
0.1648109481280911	0.05019315779800104	0.0
0.26089494688958326	0.1312508991116571	0.0
0.18097933731884341	0.23472777617350365	0.0
0.18716209016724938	0.22314648220526842	0.0
0.2289487836006081	0.13531913128870754	0.0
0.1739479631850489	0.2596156428656272	0.0
0.16705116138297899	0.17980596297756454	0.0
0.204010778997371	0.24328017433926516	0.0
0.2442251188235511	0.30470881935967037	0.0
0.2191914646448866	0.4047197289377619	0.0
0.20094646107336994	0.20421624468214952	0.0
0.21645281903711497	0.2627571941409658	0.0
0.22153155879296973	0.3067868774878613	0.0
0.1956480972183472	0.34261929233484134	0.0
0.174180110183918	0.19135494641762993	0.0
0.166556122142265	0.23286542981442188	0.0
0.1609750265489434	0.13764901654812955	0.0
0.20113027199222022	0.1465079275833872	0.0
0.17123499892334387	0.1948070401118074	0.0
0.2046154293436097	0.16449392993634743	0.0
0.12838736952931	0.1734069185634471	0.0
0.2120875910264536	0.24500081544270047	0.0
0.19609485363949486	0.08109298069703802	0.0
0.19353619106742026	0.15275734601730212	0.0
0.21320081051914835	0.13729669247685083	0.0
0.17781094996233388	0.22754382033681564	0.0
0.20188301577970952	0.18535300214283076	0.0
0.21016441593100793	0.22291845531358914	0.0
0.19383124822535092	0.24798832124507011	0.0
0.19472285174866638	0.23014714975198905	0.0
0.17398072438293122	0.25659579207193495	0.0
0.23376840638692337	0.2613044288032431	0.0
0.21485049118467314	0.11181383734361305	0.0
0.154813046388188	0.12683566546453767	0.0
0.195899865053906	0.18681114212733674	0.0
0.1876034271007161	0.1553536188297115	0.0
0.19491268843940074	0.22913918649680706	0.0
0.15775090492785887	0.23868733434433861	0.0
0.18039855238793273	0.1932738988699112	0.0
0.21475925195164222	0.14820436875806264	0.0
0.22361569737625572	0.284708949711997	0.0
0.20187156931566608	0.15396157750226286	0.0
0.16779992700629465	0.09376639260671094	0.0
0.15817215909600657	0.2306148392965501	0.0
0.2012633656782029	0.322332445319773	0.0
0.20844977044555937	0.2756542906775278	0.0
0.20328732515099246	0.3041072980278093	0.0
0.17153734199138626	0.29889872042167576	0.0
0.194031882955832	0.2923712022028879	0.0
0.1898781944682421	0.2602992079175712	0.0
0.22232994453146182	0.20414158795896029	0.0
0.242796751563733	0.2700675373964395	0.0
0.21255182961744556	0.1957639449361068	0.0
0.21906053150897356	0.06010969508808983	0.0
0.17151523990498024	0.29803638170194235	0.0
0.16244165814164147	0.18239925960971776	0.0
0.21627945954277902	0.3078522329562226	0.0
0.150857929758842	0.0763231286618149	0.0
0.2379052327149077	0.21870163655121047	0.0
0.22740633721107956	0.22508833612857207	0.0
0.20454238078321021	0.31012744816583593	0.0
0.2084931068820044	0.20023434588121028	0.0
0.19580236607642332	0.25116332120694307	0.0
0.1954713243489269	0.16929649399718502	0.0
0.2049931988923424	0.33670159707990754	0.0
0.16808736819294456	0.17229086136774857	0.0
0.21174598448421128	0.18202346364627806	0.0
0.17279462854867994	0.06551078434875468	0.0
0.18099096445771035	0.1904698984728143	0.0
0.17901410207269874	0.31767172539724275	0.0
0.15867664502846646	0.25652336697481226	0.0
0.21375672354613443	0.19617327228698758	0.0
0.20592287020470573	0.11003103810933018	0.0
0.19036257381821803	0.19809911960671903	0.0
0.2023475461150649	0.2537861820739457	0.0
0.24470366468039734	0.2540087865161826	0.0
0.24622200174502912	0.28109080527610525	0.0
0.16949195243588927	0.21666871486988132	0.0
0.20814972617595362	0.11989451483278069	0.0
0.18150285011322664	0.3318702040279631	0.0
0.24537771972525385	0.16866721116916417	0.0
0.16478093692688622	0.13701191956601094	0.0
0.23383337999996198	0.2720351790203521	0.0
0.1819504874211802	0.18871925624352828	0.0
0.21398975477837842	0.310655178240193	0.0
0.2035044996953213	0.20028204265164726	0.0
0.20862847221169728	0.1994880790371955	0.0
0.17872107958563793	0.20498297180856634	0.0
0.21287004470369228	0.1886841611901401	0.0
0.19385293288196848	0.18911619443106711	0.0
0.13995562935689065	0.13661728262440248	0.0
0.2550656227604605	0.41949983963697307	0.0
0.2115759094953127	0.19649310755095778	0.0
0.22645841954019394	0.3075649616546988	0.0
0.22418622974720356	0.236022022085175	0.0
0.14116373610231442	0.13170316927483233	0.0
0.2023280859546492	0.19428856013616408	0.0
0.19684642917450318	0.2466162912999898	0.0
0.18824105978493277	0.2941068361743221	0.0
0.18344521510040795	0.11582003597212376	0.0
0.2541891279223819	0.2526808424653533	0.0
0.2262424349149395	0.24350126360652138	0.0
0.1562839207796986	0.27164116914967695	0.0
0.7935128642894366	0.3373741557265362	0.25
0.8262348335963335	0.1963509331833831	0.25
0.8599654694168604	0.21362098740168847	0.25
0.825791110205718	0.24332001711144424	0.25
0.8069848885742008	0.4471568276324001	0.25
0.783096020732196	0.3926973138427339	0.25
0.931355270163861	0.29383789867449034	0.25
0.8291929430118938	0.3188313987675657	0.25
0.767875593447421	0.3162213561717474	0.25
0.8061628602361401	0.35979885655200833	0.25
0.844310158982744	0.22402690522580598	0.25
0.815261025361363	0.26812273355247795	0.25
0.8280104024077215	0.415909693264058	0.25
0.8925352553656525	0.4371646594219816	0.25
0.8017417747010802	0.3539958998941905	0.25
0.8705912463614496	0.34492657480889755	0.25
0.8790426620136309	0.2687767404111622	0.25
0.7865405708458499	0.36104281284513867	0.25
0.9302364054809571	0.31286814279648745	0.25
0.7725334059403335	0.3626915105749809	0.25
0.786816140453877	0.26441287521129636	0.25
0.864264832517672	0.21071575158644498	0.25
0.7884171537929678	0.23935459388671593	0.25
0.8374051184368785	0.2747307544920608	0.25
0.8756954539654529	0.18404911148138092	0.25
0.8425214895187312	0.29208143398459485	0.25
0.7387662655826229	0.2650171130867053	0.25
0.8008399125614476	0.30733311437386795	0.25
0.9145433896305386	0.21533102299018697	0.25
0.7972805173841595	0.31459285473441007	0.25
0.890746104346782	0.1808823209002059	0.25
0.7964666429017905	0.3113990510144425	0.25
0.8594908031525477	0.24837369941465284	0.25
0.8715571232931923	0.2100464128869522	0.25
0.8534629626608297	0.37831216486816716	0.25
0.8050820553951402	0.4487817524925387	0.25
0.7842542002309456	0.15740489199479357	0.25
0.8311191893062316	0.45663550908124606	0.25
0.8467108268067104	0.3862767181062702	0.25
0.7860137377707623	0.17698013620750366	0.25
0.7899531669651224	0.3575573151421213	0.25
0.8348811417905733	0.3156563496527308	0.25
0.9215224435472633	0.18765566103916873	0.25
0.8388326496030005	0.31591995288565	0.25
0.7686180911462454	0.3965359398430514	0.25
0.9346407889159346	0.2772731475571396	0.25
0.8261355839041575	0.3972402061618625	0.25
0.765178401440608	0.2169675633271416	0.25
0.8315977476532785	0.3910868091253818	0.25
0.7833500657826152	0.3172284006633234	0.25
0.7697688907885972	0.3661165834318064	0.25
0.8564671597645611	0.3088099045321482	0.25
0.7976722103564808	0.31404990280048645	0.25
0.8601373076823902	0.4029415612356104	0.25
0.7975419748598311	0.22721978092165054	0.25
0.8847183491754831	0.2527070952378974	0.25
0.8528846105186494	0.19082070833349393	0.25
0.8230009402885117	0.24601297215207027	0.25
0.8037909906992476	0.2024373660257735	0.25
0.8545643588077827	0.15870728909050624	0.25
0.7888552347455944	0.3934897501225787	0.25
0.8087789813012578	0.442464266403774	0.25
0.8442863228023226	0.15730499984031887	0.25
0.802692656569795	0.44958295684968863	0.25
0.8197613151208136	0.333545652259336	0.25
0.878185469372568	0.47943883348162813	0.25
0.9045228782460174	0.152131056762924	0.25
0.8234080686537921	0.2873112238695723	0.25
0.8409644563241394	0.3727884122790895	0.25
0.723268848050975	0.34115146540191543	0.25
0.8807740070685726	0.4977799443219596	0.25
0.8410205440350693	0.17958378506933598	0.25
0.7924157157836073	0.3378985981763673	0.25
0.8081941990268477	0.3893153276006395	0.25
0.8079607210690711	0.3318839155423707	0.25
0.7484697715907866	0.3676860311914015	0.25
0.7854730677048769	0.21487182946643882	0.25
0.7888994397875434	0.1997177556382623	0.25
0.8096168084835976	0.25623462482102594	0.25
0.822716314703688	0.1864186290717784	0.25
0.8795744140756888	0.2277962510714523	0.25
0.8215364890317884	0.22801193052943966	0.25
0.862548059281163	0.29830316823666053	0.25
0.8165911404037218	0.3378923095201103	0.25
0.8346126506226619	0.41721031302224904	0.25
0.8576020622210638	0.35524264122085003	0.25
0.8261046528956257	0.42523107605804683	0.25
0.8182341530002821	0.1861947606343656	0.25
0.8493068166592653	0.19691653791260766	0.25
0.7847148878877586	0.22720262355470602	0.25
0.7654531620765661	0.33766440060500913	0.25
0.855857035205694	0.18626696752525318	0.25
0.8373619325089278	0.3579087623724711	0.25
0.9172303954294867	0.2258235761989808	0.25
0.8262954537061147	0.24851369079061647	0.25
0.728929883901136	0.3715786604604838	0.25
0.8590466798834282	0.33984551191952017	0.25
0.8702282518820978	0.3018778439047034	0.25
0.8208221852335136	0.3064085391158342	0.25
0.8396215894512187	0.2502438404971862	0.25
0.7926932997394613	0.20543272798438275	0.25
0.8147952959066525	0.36212664012326606	0.25
0.8801005088868981	0.3709062613169313	0.25
0.8008616532692163	0.33971248183918334	0.25
0.8664146397380161	0.28029638627014	0.25
0.8871713375624559	0.23133111449367474	0.25
0.9302343983035631	0.22597793999129626	0.25
0.8822791765704833	0.16240519567862127	0.25
0.8556447875469506	0.39011187036039513	0.25
0.8368511292773033	0.3000662229981632	0.25
0.8485680047820003	0.35821658874391626	0.25
0.7857341406490689	0.2921895030811029	0.25
0.8353201001004049	0.20399080050213772	0.25
0.8590921876746451	0.3220509880460468	0.25
0.84386195890809	0.36908934952631284	0.25
0.8823418563330541	0.29040932402928477	0.25
0.8246077392444082	0.3847049354293264	0.25
0.8122925040955573	0.27705990899238253	0.25
0.8537562240022639	0.241413183302308	0.25
0.8820528247318591	0.29497891285901345	0.25
0.7577643380427441	0.38113020554346344	0.25
0.7677430954185864	0.37909945524122246	0.25
0.9303394300773808	0.27130257688340437	0.25
0.7860214102124781	0.4162151096674708	0.25
0.9461077609153972	0.13490283584178236	0.25
0.7140376638480386	0.35854884586022256	0.25
0.9699551512106523	0.2513311402720958	0.25
0.8251819868711396	0.21288650814677043	0.25
0.8185908915241107	0.381873734125028	0.25
0.755325868457041	0.3222099752800741	0.25
0.7979221937080687	0.2586938935233515	0.25
0.8909140949220724	0.2234221835695433	0.25
0.8094456091490162	0.4086418978631361	0.25
0.7908336888339706	0.3906592050448704	0.25
0.844018142846003	0.23841354085040634	0.25
0.7699989149824064	0.3988243750709252	0.25
0.8125407744192091	0.24717705590829828	0.25
0.8577270447905133	0.28937219505316936	0.25
0.7541515444158736	0.4255605557128778	0.25
0.8166654513423439	0.25695279458824455	0.25
0.7673040180720201	0.3200258767405239	0.25
0.855527219225694	0.2417754707218713	0.25
0.8281331403089904	0.34982650932058335	0.25
0.8761081168916304	0.30179892996232865	0.25
0.7311254593606323	0.39198232761337437	0.25
0.7954878326535166	0.33143793662766596	0.25
0.837079270803116	0.18329523205118506	0.25
0.838167673471924	0.43761978744275926	0.25
0.802366589398336	0.34275001990008114	0.25
0.7417147737213615	0.38892687841853224	0.25
0.8282955012713833	0.381835274249352	0.25
0.7904511644340382	0.3985742316692196	0.25
0.8564320005896813	0.32656200332003177	0.25
0.8377449253741988	0.314778209081194	0.25
0.8096617989333381	0.3159061734873554	0.25
0.7679494444741732	0.35344242114193825	0.25
0.8434563359277419	0.3134353797886249	0.25
0.7713716609009783	0.34094578099192596	0.25
0.7319575710058975	0.2635900072543511	0.25
0.8209114123950026	0.25362326945507907	0.25
0.8272230782940502	0.28325192846416514	0.25
0.8349308777169705	0.18500462635557433	0.25
0.7924738556809514	0.28542264309260545	0.25
0.8029250153610121	0.16785780789708488	0.25
0.8108509648030244	0.3482477684133485	0.25
0.8455512604827189	0.2556693014590692	0.25
0.7801843945870471	0.36559653258557523	0.25
0.8367457726498045	0.21268971465128592	0.25
0.9361601661876074	0.253535273571755	0.25
0.7874221448542887	0.302443734643476	0.25
0.822087109637336	0.2384143562132487	0.25
0.7948888379930985	0.3675421191485677	0.25
0.8926123243902768	0.24522060358695497	0.25
0.7937695042933237	0.466301894101354	0.25
0.8752457456066773	0.21761179188868515	0.25
0.910886952402902	0.22092171772983865	0.25
0.8020516518075997	0.22866107727364612	0.25
0.822028815547156	0.34366385278899164	0.25
0.8203430278368447	0.20729064540114134	0.25
0.7109985738966214	0.3594102721758116	0.25
0.7986108338567934	0.23467781747286479	0.25
0.7409883301061859	0.36474234069884315	0.25
0.8403020579990215	0.29527989075895067	0.25
0.9025243799644527	0.14878467641315885	0.25
1.0000000000000002	0.26209544001743457	0.25
0.7858793534257972	0.3524294912364857	0.25
0.8060723123961291	0.40301787202604433	0.25
0.8751988038756329	0.4077756886428438	0.25
0.8801914156911212	0.14745301218714696	0.25
0.7719924294062344	0.25469057403946216	0.25
0.9095722156039112	0.2669645984353636	0.25
0.8154699269868033	0.2978018509934958	0.25
0.8796459035724676	0.166894636575857	0.25
0.7660064689433488	0.4321002611412456	0.25
0.8247780122127815	0.2529655403220774	0.25
0.7608930541544071	0.38951495236314865	0.25
0.8373942422211591	0.2146338533355986	0.25
0.7732565907361157	0.42199143799139804	0.25
0.7443743011940533	0.3840794110041239	0.25
0.8025559221852869	0.2032621191700784	0.25
0.8457242465523845	0.33840800230740037	0.25
0.8737013360232251	0.2352185182093334	0.25
0.7184554518973367	0.3992280825368598	0.25
0.7958283953212902	0.18899497566158965	0.25
0.8366371490445177	0.3668728730832349	0.25
0.8186006322251549	0.3671015377809703	0.25
0.811356344046224	0.3142864206106821	0.25
0.7855026825877047	0.18334626742085133	0.25
0.8227481947924207	0.16006318036654194	0.25
0.8826184006481808	0.2757459931780895	0.25
0.8914661561970764	0.19047656631239981	0.25
0.7852589982381006	0.4166851676415409	0.25
0.8367696604467567	0.1611315287989803	0.25
0.7595333952933674	0.3070246331377409	0.25
0.7768534351635401	0.28076357383421224	0.25
0.7628853366295356	0.42713223579744025	0.25
0.7855227302750345	0.4964625453319801	0.25
0.9177836094331656	0.20992270158121318	0.25
0.8215050483535469	0.22219427930135627	0.25
0.857935379575477	0.36831517827109744	0.25
0.8775608484094746	0.3810030582257375	0.25
0.8735310982513853	0.2839287769083656	0.25
0.8553841963507428	0.13344719147181522	0.25
0.8393083978785705	0.39484890471691225	0.25
0.8211265299998839	0.2830450996709567	0.25
0.8050934103363538	0.34247980752983365	0.25
0.7534221796890855	0.37572731765327105	0.25
0.9288326037744135	0.1979622079472633	0.25
0.7931586250326957	0.2746570594894613	0.25
0.8308634967383938	0.2346985207950326	0.25
0.8593840100335113	0.3513027681185919	0.25
0.8681269397774485	0.26471281346599107	0.25
0.9048965862876676	0.18595138932933805	0.25
0.8360574564359478	0.33597535072384477	0.25
0.8023116315048902	0.3047062771929705	0.25
0.8762990926160712	0.3830784008897378	0.25
0.8444324808045846	0.1705400350698156	0.25
0.7883144668695911	0.4168720476177046	0.25
0.9022211787242539	0.3351327910226133	0.25
0.8191472890356579	0.3101933475233115	0.25
0.8339825381495829	0.35335952325121034	0.25
0.8471691076641996	0.3520283725897356	0.25
0.8791662087747127	0.2626183854958293	0.25
0.7394709196568827	0.30908366255164244	0.25
0.8153434265670709	0.3816487290363771	0.25
0.8327120775538053	0.2336206816179018	0.25
0.8521156832265102	0.2097377507693639	0.25
0.8475101140094896	0.24235364006876045	0.25
0.877773947890915	0.18687419249279844	0.25
0.890955228944137	0.24350002484359815	0.25
0.8165188239939194	0.28481320261080134	0.25
0.8270023240057508	0.2903876871275566	0.25
0.8682388968675618	0.14947815624497268	0.25
0.8016281016132417	0.3363360631460702	0.25
0.8317353471371169	0.26952849646518107	0.25
0.8850262847178734	0.22119139719691575	0.25
0.9119674485962477	0.22809021637240057	0.25
0.8346878220662527	0.09276142822065958	0.25
0.8467599031200304	0.2770037687590555	0.25
0.8390597107868094	0.20022501922871938	0.25
0.8651662769312696	0.43215775915122084	0.25
0.8638030298149288	0.23475506393892873	0.25
0.8507709348468406	0.2297967415290149	0.25
0.8691314750857257	0.34792573844696123	0.25
0.9896679034807996	0.2769988182209062	0.25
0.8983147154000206	0.1506840222994495	0.25
0.8176554153267483	0.18219454154371492	0.25
0.8453984867680706	0.23931417578475409	0.25
0.8188759204509164	0.29902928294273284	0.25
0.8817452443377949	0.19451482500070683	0.25
0.7906155594817454	0.1842922532939938	0.25
0.878656542883494	0.2627933692204407	0.25
0.854034669898268	0.47068268558636206	0.25
0.8641767785192239	0.2703331601817747	0.25
0.8242680128990032	0.21879453982963584	0.25
0.7889362589599336	0.34798280806719206	0.25
0.8109459676701536	0.4008067744292927	0.25
0.9104470066231434	0.28421183422123025	0.25
0.7901413473528955	0.33649674240694794	0.25
0.889519381170103	0.34398242515900335	0.25
0.8418194855238472	0.35929011934151023	0.25
0.8010778776680173	0.36788392774701795	0.25
0.8975400168351115	0.20872655972713308	0.25
0.805996472407168	0.31093807258017403	0.25
0.9232672525084549	0.26322868983624026	0.25
0.912575867958179	0.12350851265640678	0.25
0.9128366752562512	0.2674822700330033	0.25
0.9155888908913385	0.2878980769989862	0.25
0.8759437247834847	0.25900484775316934	0.25
0.8310433310907674	0.30235044318066984	0.25
0.8592742071960136	0.3307193140630994	0.25
0.821178543651028	0.2992311730920829	0.25
0.8850515472181915	0.24179192748974845	0.25
0.8992440205295447	0.2385256542959899	0.25
0.8798553740522991	0.3249864336869558	0.25
0.8357624823072367	0.2384890332522973	0.25
0.8169647335058778	0.2472157569252432	0.25
0.8210494776190751	0.2563583203168529	0.25
0.7701307589073527	0.3288007595368699	0.25
0.8534350739560068	0.30918416523976167	0.25
0.8445173884359883	0.16018725020604901	0.25
0.9042080224842479	0.27843487365537123	0.25
0.8306474082314204	0.3015267031545522	0.25
0.8132722197850791	0.2656225000130044	0.25
0.8442147530115093	0.13186873844636032	0.25
0.8160654398175005	0.18616452578518022	0.25
0.8827613082854187	0.30608590807819447	0.25
0.8478372294203791	0.3557215612017587	0.25
0.8846904938851357	0.2423728166650891	0.25
0.7949329569411678	0.39324616354934916	0.25
0.8993117255320624	0.25674359666409674	0.25
0.8289464841897396	0.21833743770605638	0.25
0.8287914389716011	0.24832786011103303	0.25
0.8043755808288542	0.29466997187041005	0.25
0.804600892396939	0.2711198198827871	0.25
0.8176833024443347	0.4018282573831003	0.25
0.8369044642539172	0.349035019277907	0.25
0.8019834333207213	0.2933849478022701	0.25
0.8474610236384841	0.2844267223429213	0.25
0.8467411258372426	0.20788584658856055	0.25
0.7878118202348845	0.2556202310407104	0.25
0.803681943957619	0.3738163011293437	0.25
0.8453708340396615	0.25308981364578576	0.25
0.8460486146273414	0.3328721238506904	0.25
0.8595877126759663	0.23631989626449487	0.25
0.8236584045593602	0.39002030531776954	0.25
0.8501972727397784	0.36581140663323175	0.25
0.8396216670080201	0.292012873602449	0.25
0.7853323539787844	0.3326420885361433	0.25
0.8435689328068009	0.36812799010697417	0.25
0.8180281761174728	0.24069862632654035	0.25
0.8754710466886704	0.20876552206005897	0.25
0.8837144496772712	0.3864031360434367	0.25
0.9520048035682652	0.33807587028217057	0.25
0.8623055010372174	0.19071630907668402	0.25
0.8458653256086837	0.2293299438263576	0.25
0.7772018554581788	0.42971650069804995	0.25
0.888666802941364	0.21112407721511783	0.25
0.8602347242355559	0.18036188655120786	0.25
0.7996551104549405	0.372758842836343	0.25
0.8454533837891975	0.3134114405528956	0.25
0.8344312553151119	0.21533432105954428	0.25
0.8204828904772898	0.23265936148928384	0.25
0.7899522770375211	0.2710645555229184	0.25
0.7954146393723024	0.2150382342764897	0.25
0.7489425835483252	0.2680413268453858	0.25
0.9106797790682304	0.25356348365955794	0.25
0.8284199300403157	0.17835257810797467	0.25
0.7695590060521071	0.23805637579205882	0.25
0.840838932278847	0.2878354448676218	0.25
0.8721019653781757	0.1916386738332955	0.25
0.8050181832053012	0.2843749806233957	0.25
0.7926702882629229	0.21396193927600962	0.25
0.8830928488794783	0.29290402163105395	0.25
0.8145549409689503	0.29935338641389064	0.25
0.7615249744805477	0.3693464901103484	0.25
0.7486488633540882	0.3365260307594017	0.25
0.8397347172052883	0.1502218165666564	0.25
0.9319598667850857	0.29621139411149977	0.25
0.7965142112217105	0.27111137544372066	0.25
0.8609187714924746	0.16452644824895712	0.25
0.8485850063243132	0.3765541637863994	0.25
0.7710509699783064	0.3969496338853935	0.25
0.8221888439842339	0.3572485158903566	0.25
0.867758103116021	0.3267012088778689	0.25
0.8358172476797442	0.2646743564240196	0.25
0.9178515732612245	0.28412139005246445	0.25
0.8778804810251051	0.23515079772447173	0.25
0.8167247084284166	0.2717774331016185	0.25
0.7814980301194316	0.4325374242938114	0.25
0.8842561532368729	0.2137481016681777	0.25
0.8584305894439148	0.3064600577670117	0.25
0.8682188740030738	0.25896458890571067	0.25
0.8317701948642353	0.41287524925464747	0.25
0.8214903024231415	0.35402303279599723	0.25
0.7530002523795651	0.43712173521516706	0.25
0.789094924415973	0.18893178837609337	0.25
0.8734420994704355	0.2245393891316114	0.25
0.7823899646515347	0.3964982642874108	0.25
0.9245354506982537	0.14648167117387573	0.25
0.8213076963187719	0.3553101589029518	0.25
0.7943113680178089	0.28095090892686747	0.25
0.9398427660673788	0.28505035068781487	0.25
0.7871029551058288	0.4082218114128887	0.25
0.8610697731029009	0.37029945980078144	0.25
0.7427130974865523	0.3926366575223613	0.25
0.8824048302821306	0.3252290674609878	0.25
0.8025157616240979	0.2556021532388708	0.25
0.8412016504142448	0.36324539209436474	0.25
0.8067656357465487	0.33775517048498394	0.25
0.8976193193235441	0.1631462651961093	0.25
0.7809353874281901	0.19732099740219156	0.25
0.8004191280028301	0.36991935451587543	0.25
0.7795852018101801	0.2118454366608655	0.25
0.8487754571261984	0.3212224862628357	0.25
0.8092059494675125	0.29442142187659975	0.25
0.8779921918928411	0.19816933754799493	0.25
0.8219128371552598	0.276704541620547	0.25
0.8884435375476021	0.3054437225510542	0.25
0.8618827603033189	0.1774629798527265	0.25
0.7893251240563307	0.28452786843358113	0.25
0.8477901802646055	0.15425262607007506	0.25
0.8234545203691763	0.2053447948269015	0.25
0.9348856862822053	0.24790133371680026	0.25
0.9909145285900671	0.21056924241014924	0.25
0.8957867072341046	0.21013484153487283	0.25
0.9080186582708718	0.1593124511413812	0.25
0.8921619587743566	0.27794717398828384	0.25
0.8483698297571465	0.38362359101953736	0.25
0.7530413034095046	0.3550424906176316	0.25
0.8375038099980086	0.30878615569773044	0.25
0.8285851237097854	0.3979882395378077	0.25
0.807949139885705	0.23304045050689973	0.25
0.7637882189861805	0.37295877181046544	0.25
0.7803451228087437	0.3636886361715369	0.25
0.8377474704132322	0.31973930877296897	0.25
0.761486573674504	0.2451726951688392	0.25
0.7654741849300243	0.4490369401601716	0.25
0.8101458271919137	0.42437814221650416	0.25
0.8475793070528075	0.39234257481438206	0.25
0.8460552156871328	0.42286327451861955	0.25
0.7690133669437167	0.3855827798858089	0.25
0.8862887664285442	0.2601143595116826	0.25
0.8533702949578776	0.23426868925059469	0.25
0.733443036376478	0.3549253504539999	0.25
0.7955392994650985	0.4267388668700083	0.25
0.8505416737289482	0.3579682155568905	0.25
0.7694576619535269	0.3600392202153553	0.25
0.8612253031640154	0.28183240755590305	0.25
0.8816037048203884	0.22747047714119709	0.25
0.8817751374674713	0.19351575130812615	0.25
0.8245093900132879	0.2483595532575512	0.25
0.9198172262939949	0.39614880172500516	0.25
0.8054220543394415	0.3864082761462733	0.25
0.7774995965018678	0.3234591594752558	0.25
0.8903539838822115	0.2334542536558959	0.25
0.893395311659295	0.10964675938493129	0.25
0.7814473574417378	0.3937906262373829	0.25
0.93705015839867	0.19232950902466966	0.25
0.825240311632351	0.24495389986524133	0.25
0.8178018837684422	0.36775599099362916	0.25
0.7680559909534717	0.34140619386291077	0.25
0.7931994263337159	0.1312044812470765	0.25
0.8091492290462037	0.33270026424617516	0.25
0.8787996788612629	0.3535659808157974	0.25
0.817386866939976	0.3964790237989063	0.25
0.7844335533006299	0.3333211241374258	0.25
0.9335656929291337	0.2495343682489556	0.25
0.9058638975559712	0.19000738623772978	0.25
0.8017097906702052	0.275206868924525	0.25
0.3461201292277218	0.6593275857300916	0.5
0.3873716026735184	0.43633692653407935	0.5
0.405404464505328	0.5241149324634059	0.5
0.338842153822701	0.4507341685116054	0.5
0.35132657034587533	0.5703558184862174	0.5
0.36543874056534675	0.42816864361931456	0.5
0.4226966471104351	0.6836592932427652	0.5
0.3559713028998346	0.6368820268487765	0.5
0.3666552523891656	0.5704791557667747	0.5
0.38254120070458025	0.6209497320636914	0.5
0.3676785017441784	0.6843515127047046	0.5
0.3287256191513707	0.5032129410534145	0.5
0.3390892753946204	0.568358109267173	0.5
0.31327884510355986	0.4898096564252013	0.5
0.379230910770577	0.5538642499968924	0.5
0.34713415756771354	0.5855677454476222	0.5
0.33166620599930724	0.5378585931178445	0.5
0.40394330900316155	0.5971880111142999	0.5
0.36981789203253546	0.5166536121864135	0.5
0.39782201958517754	0.6315170777137332	0.5
0.41148833687102254	0.5080619170173345	0.5
0.348835076952786	0.6357813536758257	0.5
0.38431246201117114	0.4253881464605078	0.5
0.37269597332095195	0.5757153144437983	0.5
0.36596090064341685	0.47274657683797316	0.5
0.3486387880612424	0.5896339663651998	0.5
0.37667905320045175	0.4930448106765533	0.5
0.3246790797435079	0.545317801039379	0.5
0.3457639592315971	0.4334789342932987	0.5
0.3638875253105686	0.6124978588485233	0.5
0.3350651800298369	0.6183435846972423	0.5
0.35539772015251975	0.5110438272533285	0.5
0.35433590495035516	0.44442428493985775	0.5
0.32008754789414706	0.5074453479960592	0.5
0.40920827411265465	0.4621179500037449	0.5
0.3915021077106847	0.6615000227353744	0.5
0.3961789309335602	0.5058577068487309	0.5
0.36376408992106346	0.5790992490543778	0.5
0.395960249936281	0.6235087821803473	0.5
0.35772914537856837	0.586882039619584	0.5
0.3161360095784445	0.6723468742446053	0.5
0.34771911898943125	0.6257178495227181	0.5
0.4434935816529902	0.589575642048703	0.5
0.4112791219856473	0.5478825115610187	0.5
0.3246977261984576	0.5653170929686149	0.5
0.33742757218531383	0.48171147571941936	0.5
0.417391315088142	0.6069180776620346	0.5
0.32366334408715214	0.4153893561965176	0.5
0.3238681964276564	0.6056515938437914	0.5
0.40222537247288653	0.6168342677544933	0.5
0.32011263254591427	0.5704364743551796	0.5
0.41323045170634	0.5447463676648483	0.5
0.39707139075712417	0.5372294736671308	0.5
0.38065264056181936	0.5984015879036564	0.5
0.4039042429555416	0.5731924317871498	0.5
0.3230721580147884	0.6086267011233998	0.5
0.3432022159011847	0.4705074552037706	0.5
0.37158802344485714	0.6066675357491085	0.5
0.3584632271377961	0.5706102729718303	0.5
0.3607607053179439	0.5449933179666948	0.5
0.35181340089246893	0.586231921571275	0.5
0.3147102120247515	0.467492823066828	0.5
0.3698764473006858	0.5251165771998003	0.5
0.35825526834624244	0.5659469679674649	0.5
0.3306765375668732	0.573981979934032	0.5
0.417127785245903	0.46414502870041957	0.5
0.33976732082431105	0.5926409657767168	0.5
0.4153896155968706	0.5776260118732992	0.5
0.36319570080621283	0.6394278650906118	0.5
0.3738944493863252	0.4746658905818575	0.5
0.3926960826140472	0.5529744500878606	0.5
0.3554116724130336	0.4947982075067865	0.5
0.3329515959684336	0.632121182825216	0.5
0.3164130433328681	0.5704045958478354	0.5
0.37561085863605853	0.41509663075793196	0.5
0.40659313269275543	0.5273660540138145	0.5
0.3484805908672243	0.6524863692229887	0.5
0.40289718006149894	0.44734504272365744	0.5
0.3635486807478957	0.4709326275692671	0.5
0.3439130633568415	0.5413977879470905	0.5
0.38993001973539043	0.6066851796242565	0.5
0.34384570272322673	0.6296663610650901	0.5
0.37856894323908924	0.5165411768054955	0.5
0.38139150945320527	0.6451691869238488	0.5
0.38566626042245244	0.5216720896037014	0.5
0.34284876704489253	0.6189607746268887	0.5
0.3773218696899288	0.5365821546202985	0.5
0.36122126071169247	0.585843255246771	0.5
0.35039917346521776	0.4505442325656837	0.5
0.3400208256145978	0.47521607001530436	0.5
0.4401871812805892	0.673269103012487	0.5
0.36636777230428497	0.5695990564867721	0.5
0.3874799784044663	0.6759316717646908	0.5
0.4138886772170432	0.5608898625808996	0.5
0.351100904278751	0.5423410366761892	0.5
0.38354921445187684	0.6920553978926675	0.5
0.35978673406643835	0.4801377227706611	0.5
0.35371117949197206	0.5516154713634929	0.5
0.37130854607036545	0.6329335203720488	0.5
0.4041975278563314	0.6135220290595929	0.5
0.4398358417255879	0.5755562760764147	0.5
0.3767028233969045	0.6464048269930933	0.5
0.35470597101640744	0.5353939677316805	0.5
0.3722063230206428	0.6246633697992062	0.5
0.35091374195887226	0.5701959478371089	0.5
0.4023840183150165	0.6152128416627021	0.5
0.3592974342913017	0.4834348370410412	0.5
0.3622862427987749	0.5912604096968327	0.5
0.33279222352856636	0.49188760316237434	0.5
0.3361767894940235	0.6676620686437049	0.5
0.3930284345101085	0.5530284899804441	0.5
0.3603562538974138	0.4497654293498308	0.5
0.3647615122027984	0.5512950443793588	0.5
0.35638322429486113	0.48524472477066505	0.5
0.29360676075154746	0.4564034648997539	0.5
0.37022776964604087	0.5374265129384912	0.5
0.40253640147829195	0.5098950054651274	0.5
0.36299252992009257	0.5007471025826034	0.5
0.37432508984051827	0.47144944745000655	0.5
0.39240852339197496	0.5946677694769074	0.5
0.3789111086619771	0.5975029986848928	0.5
0.34801358335027643	0.5168142815444112	0.5
0.386932679850844	0.4483576507286553	0.5
0.39211455349192037	0.5670783255466028	0.5
0.3794798684583482	0.4339320676547716	0.5
0.37884943710332664	0.6270157428059768	0.5
0.3295461038742248	0.5493246119852784	0.5
0.3782145775962465	0.5309313647900336	0.5
0.307674164308683	0.42686025690936036	0.5
0.36995417434096145	0.5976767057214905	0.5
0.3519982623318468	0.5580926181032233	0.5
0.4044792890065738	0.6995004618043992	0.5
0.41371634456447437	0.5896969112148399	0.5
0.3327178970403138	0.5335724446002956	0.5
0.40347556292569053	0.5927256931756003	0.5
0.3904994113298057	0.5782524690378217	0.5
0.405036412471411	0.5344552856951464	0.5
0.3591765470008334	0.5118605632219522	0.5
0.36586591186913575	0.6325046575145964	0.5
0.355187297323218	0.5933885757870698	0.5
0.3098354252802161	0.5285708350343533	0.5
0.32415337165748137	0.43338045782921525	0.5
0.35808697072072904	0.5208967254897434	0.5
0.29569529095068803	0.5799295607506867	0.5
0.3828126239292287	0.5098508530597735	0.5
0.37535415080443274	0.5997648735097143	0.5
0.3518832309649696	0.6381305209530621	0.5
0.3665579530666643	0.583920118234279	0.5
0.3680876340240826	0.7391610047305468	0.5
0.35655941086816456	0.6073425816252374	0.5
0.40553235080460315	0.6146751032934132	0.5
0.3427048319533146	0.45128819158886063	0.5
0.37629128874918977	0.5312372397937893	0.5
0.3791535294263582	0.3871671103266263	0.5
0.31618327507849175	0.48570461554367783	0.5
0.35125595884002303	0.5210594508725519	0.5
0.3553127108764258	0.5731615618017636	0.5
0.3851004313946741	0.652506223856963	0.5
0.39819659553508896	0.528456806498045	0.5
0.3390777059349935	0.5689622249142157	0.5
0.3575091850079781	0.5357527111307123	0.5
0.35495103810590173	0.6738518775834543	0.5
0.4074357810597911	0.5024190664453018	0.5
0.39089002131538764	0.49379873387549955	0.5
0.38673606486351114	0.5329472809252109	0.5
0.3103139049225791	0.5930487085361191	0.5
0.39554696472958484	0.6251206194045604	0.5
0.34437495987307404	0.5241265355920102	0.5
0.37600371786457204	0.4525258355367345	0.5
0.3726671018701263	0.4739423016796514	0.5
0.3492876584991975	0.5090445610000773	0.5
0.3445415898584456	0.43776752529654905	0.5
0.34598972485387486	0.49125388750383225	0.5
0.4123089358749138	0.49023642355593	0.5
0.3882868382651287	0.5342353061584519	0.5
0.3672538341051356	0.41263154868269913	0.5
0.416341569992078	0.6689845220693649	0.5
0.36094883575945946	0.43846129688766605	0.5
0.40079999056055726	0.543980138226525	0.5
0.38505442082428426	0.5972139725846034	0.5
0.3359027911164717	0.5618639786984645	0.5
0.3761284066237242	0.6259741190592729	0.5
0.4001743999434995	0.48874255759879515	0.5
0.35981953305372577	0.5294650501951138	0.5
0.34439830313412856	0.5382165937100496	0.5
0.3975113235174718	0.4367381542793591	0.5
0.39165998880222347	0.6222846055252333	0.5
0.3979826100863125	0.5942264424760414	0.5
0.38294095299800823	0.6996678623848753	0.5
0.34757777130882045	0.6076899416062584	0.5
0.3000726725777056	0.5677617765809475	0.5
0.3866546462706518	0.5523570571651434	0.5
0.3664774515251814	0.48550675987326064	0.5
0.37601203560074736	0.5925109233172694	0.5
0.40383395032018365	0.5460849053673174	0.5
0.3690678542622917	0.540332555463554	0.5
0.36432383498559584	0.5152636878347412	0.5
0.3119784635730757	0.5887550874035956	0.5
0.30052728954673846	0.6075307763667335	0.5
0.3431549049508569	0.6330474281133934	0.5
0.33520052779698717	0.569381411634861	0.5
0.3614495838882732	0.587070060608271	0.5
0.3207680164679062	0.539870589963817	0.5
0.36455411064378634	0.5750663932443918	0.5
0.36076202556312653	0.6189121125644897	0.5
0.3762725873493819	0.5679493476239785	0.5
0.37950971899589514	0.5631313368335658	0.5
0.401154723822315	0.5283069356427199	0.5
0.3526578514885703	0.5078755823937293	0.5
0.39342526545298506	0.5246033845821919	0.5
0.33822468858668964	0.5407406256995151	0.5
0.3570889981747136	0.6316861155443131	0.5
0.3539173321937218	0.48588858276851765	0.5
0.32732148570832337	0.3985887728772187	0.5
0.33076810365819126	0.5102947232168197	0.5
0.32093563008070264	0.6237384934986315	0.5
0.32610692585396306	0.6341456728376997	0.5
0.37150033897975304	0.5906100831767476	0.5
0.3228381999939166	0.47434552059937374	0.5
0.39788666011290014	0.6103678943150124	0.5
0.3492046825174622	0.5731206378589	0.5
0.3462726536582812	0.67374512452242	0.5
0.3609704341525599	0.5782931673117869	0.5
0.3083617762209053	0.47986006533237235	0.5
0.35020798349994964	0.45734753397820965	0.5
0.36554669409264284	0.531831583082977	0.5
0.38179776593119696	0.6399032543429133	0.5
0.34161194185169397	0.5781350365905193	0.5
0.3529282759819685	0.606982250430743	0.5
0.35113876196279326	0.5706574394498782	0.5
0.37361406484494675	0.5930683563024235	0.5
0.3670819135762456	0.5622016771255072	0.5
0.374347218731253	0.6239621429610247	0.5
0.3656321390601201	0.4139637518148664	0.5
0.39371757184700973	0.6355899324215983	0.5
0.32324157858107894	0.5827281338833078	0.5
0.3439151920385701	0.6348188988318889	0.5
0.3480516729493435	0.5264361460219062	0.5
0.3981860176272783	0.6832826427532197	0.5
0.3857861388534235	0.5461930601710843	0.5
0.3623751471085915	0.5602096997673418	0.5
0.43978249616264486	0.567148396200254	0.5
0.36016619451803394	0.6558262029882825	0.5
0.3619654344131954	0.5534750638888986	0.5
0.33582999161519905	0.5455022049819023	0.5
0.36073928180073467	0.5291968780673798	0.5
0.3696471529528492	0.6230630848728871	0.5
0.38079680762699386	0.6837947046761754	0.5
0.37572333650135253	0.4556041440867722	0.5
0.36883792777457164	0.5486338408089148	0.5
0.3085868090518278	0.5486439022379697	0.5
0.34183716677681325	0.48738239194939936	0.5
0.3739594016848903	0.48506013898930733	0.5
0.3774259599852556	0.6108952430686236	0.5
0.34915201541819957	0.4917560849899263	0.5
0.39417068487806695	0.4772343065545457	0.5
0.3761447564683211	0.5129459883643388	0.5
0.35591288079034566	0.5128487222147701	0.5
0.3492892358776762	0.6247916798166037	0.5
0.33511796575629205	0.42516349461070124	0.5
0.3773040216783376	0.6217230353250636	0.5
0.416124887660456	0.5733009162259378	0.5
0.3971103313658174	0.5378576289499466	0.5
0.38639411241390076	0.5608095315547021	0.5
0.36771075577003653	0.5993480340673321	0.5
0.3992178157052908	0.6684518247859464	0.5
0.3698527564879782	0.34594036535583805	0.5
0.3537262846280596	0.5864769490480879	0.5
0.38422647988210457	0.4248311751659664	0.5
0.32077602655185977	0.5770077654451896	0.5
0.3294696222401978	0.49487299004095797	0.5
0.35832517529599295	0.5515736372991878	0.5
0.3416279358836245	0.379140593517381	0.5
0.3394345429859805	0.6117494326013526	0.5
0.3865000121564258	0.4263853852425138	0.5
0.3752693886563685	0.5397535685184989	0.5
0.33931417465233094	0.5599172507184853	0.5
0.3716122217080578	0.6343822734555736	0.5
0.35681527202563373	0.5834113036749666	0.5
0.3087841037748893	0.6217457643810002	0.5
0.33934396215483587	0.43204096965960737	0.5
0.368980897393661	0.46465829694090255	0.5
0.4177593113733813	0.5784280341465112	0.5
0.4132451204604829	0.48409726338820297	0.5
0.3807171956780007	0.6160328517535496	0.5
0.32993221363306713	0.5802637411209375	0.5
0.3805034656315442	0.5460177228438534	0.5
0.3798533090371704	0.4962612225819794	0.5
0.41180856488160933	0.5152227287446364	0.5
0.3730125402020199	0.5589439117971747	0.5
0.35166678626211034	0.6963755998759072	0.5
0.3780170824090587	0.45324885055133524	0.5
0.3254442374028115	0.5283869194356984	0.5
0.3760749090133735	0.5816488672193536	0.5
0.3496669372999837	0.5541985365263831	0.5
0.4127187363707503	0.6082254709194994	0.5
0.3410687014635368	0.6189773202437082	0.5
0.3438403713601669	0.511288752899872	0.5
0.3083151691898771	0.4880636134164297	0.5
0.33202523915893556	0.5230443656343501	0.5
0.371329552287338	0.625153239102151	0.5
0.3364443646306432	0.6262742803007	0.5
0.35176695409658104	0.5992966586272865	0.5
0.4016969367999257	0.5214156081897066	0.5
0.38458984765706516	0.5603411865475775	0.5
0.3712586453560603	0.4879607944825024	0.5
0.4231145575996821	0.621603704653549	0.5
0.39706103231972895	0.5796045318303562	0.5
0.3414555163161326	0.5269296610812949	0.5
0.4059802733118366	0.4295956485956184	0.5
0.38550352218644446	0.5269491259004404	0.5
0.3465370242256362	0.4744193426229071	0.5
0.34919551617010836	0.5405047727271397	0.5
0.3491144187504146	0.43104374498132775	0.5
0.3053845264424381	0.43333402407682964	0.5
0.38583745943303077	0.48850204162268174	0.5
0.4011212314196709	0.5409587387304157	0.5
0.41370903192300756	0.5827097616288686	0.5
0.3614135994135095	0.4750282444203394	0.5
0.3402194768398151	0.4991624506883771	0.5
0.34985931287422173	0.6656940194433161	0.5
0.30937590830956707	0.6268937276140434	0.5
0.40036952082004423	0.5992272683006621	0.5
0.3563528957462516	0.6505921671338352	0.5
0.38874874750094934	0.4683172918767994	0.5
0.37591355586284125	0.6276675785738224	0.5
0.3491239685845691	0.5540300518508168	0.5
0.384525608443267	0.5749857570250171	0.5
0.35859207285102923	0.5353621233343425	0.5
0.37392920140427266	0.5320238212518538	0.5
0.33904623812941515	0.4748127823732706	0.5
0.36221047044156873	0.47266909396199386	0.5
0.3628029708471803	0.5869213420555529	0.5
0.34482684013024767	0.5851937597920582	0.5
0.40005096991707645	0.5869688676383038	0.5
0.34362811347959304	0.5470262958115684	0.5
0.3904856300332378	0.6362591219013864	0.5
0.3558083774820527	0.5235907804010866	0.5
0.34568882676157764	0.5428749430435639	0.5
0.3701050602025228	0.5798352778065005	0.5
0.3700427458964123	0.6228376109341917	0.5
0.405333571894642	0.5735868785978558	0.5
0.35094342804316575	0.4842276788749225	0.5
0.3925626604370978	0.4995869296001197	0.5
0.3740421229134363	0.5481484603992648	0.5
0.39415837531642356	0.6725447263461211	0.5
0.36710423198243913	0.6527358097951773	0.5
0.36345228894009257	0.5759620329921094	0.5
0.3692033153251609	0.46317227504711744	0.5
0.32988303890158965	0.5535567226483256	0.5
0.35323256306487727	0.37876497212486593	0.5
0.345397207233206	0.5799884180315733	0.5
0.3417631734724791	0.5800547264617208	0.5
0.37474421495517957	0.6126129373063672	0.5
0.3797717325379581	0.5398003409253121	0.5
0.3551036140766908	0.5179154596938894	0.5
0.38692851873530154	0.6280220919888126	0.5
0.34955601602893355	0.5064476251152266	0.5
0.3354888616052628	0.6077498257463128	0.5
0.3796830970516497	0.5302342289202789	0.5
0.35567487930060543	0.5839678024323312	0.5
0.3603457091344611	0.6133359224762115	0.5
0.3526845501304322	0.6061437624927243	0.5
0.3711830288004425	0.47493676783607996	0.5
0.3869424607706813	0.4113230099203548	0.5
0.38023637195786053	0.5975046832141815	0.5
0.4002641684482823	0.6012872026036016	0.5
0.3320026138401275	0.5033829339172543	0.5
0.3422342942075431	0.470642357731405	0.5
0.3453999293527448	0.6200122148385239	0.5
0.3745893764649376	0.6267056185821404	0.5
0.3511020310358526	0.6459705858002823	0.5
0.3841874054304946	0.5450995015519843	0.5
0.3465465229035438	0.6809745841841011	0.5
0.3601358010119202	0.4907445038486986	0.5
0.3697871413474023	0.5121447520966164	0.5
0.39138733644651447	0.5252901496421184	0.5
0.3745102067452667	0.4536779908375058	0.5
0.4049744866742373	0.5019989535886692	0.5
0.3602058153625293	0.4791908859704869	0.5
0.3318087803124241	0.602130958034592	0.5
0.3304561000101953	0.5819129208097137	0.5
0.330172818992883	0.5080368942451515	0.5
0.40262135370723484	0.6069626992261804	0.5
0.4124873940836968	0.622275720550443	0.5
0.31581270459991834	0.49755589241998915	0.5
0.3815704746972921	0.5526912947558439	0.5
0.3998912726923932	0.5817529464576652	0.5
0.3779983235047257	0.5938044249861811	0.5
0.36317482007555313	0.5484459314061352	0.5
0.33194528670018847	0.49801105816017455	0.5
0.3142655490165738	0.5395279502489938	0.5
0.3906725747676275	0.6248340309258507	0.5
0.3439395168141524	0.4187026663987019	0.5
0.365290876042101	0.5043303989588591	0.5
0.2964960179454379	0.5987238614007531	0.5
0.35235109499464	0.5701684150680819	0.5
0.3273453813924017	0.5925263272678877	0.5
0.3769868579270798	0.6653118834806624	0.5
0.3369376793916048	0.6260034032369967	0.5
0.3935994116548224	0.5933614859193935	0.5
0.3621139799542654	0.4887939718578157	0.5
0.32450745600729897	0.6136550884943117	0.5
0.3540691900247996	0.42800014952369025	0.5
0.40821003867810274	0.5611097472128816	0.5
0.36430711969321367	0.6503988116030656	0.5
0.3768040415559374	0.5579182586927439	0.5
0.3508779671943729	0.5635993719457162	0.5
0.37735821050568047	0.6152196251864526	0.5
0.3378535048862543	0.5177638164584685	0.5
0.3917473536614048	0.5911513343055044	0.5
0.33062955423899054	0.4961705489061588	0.5
0.37397301217071893	0.5344677966079763	0.5
0.37303912076661694	0.48589929663691467	0.5
0.3946453078449604	0.6331728444817051	0.5
0.3482731718894746	0.4583280167457985	0.5
0.3863827500192518	0.6170639415614341	0.5
0.3656377486852879	0.5374510403241536	0.5
0.3781377951983265	0.4976701181941451	0.5
0.32810823998596994	0.4733198968620904	0.5
0.3634946513247804	0.5325377861448519	0.5
0.41926505668842046	0.4960143340248911	0.5
0.434353585441277	0.542247307355706	0.5
0.36990022978531545	0.66174186338708	0.5
0.37765030632806257	0.6227121543760641	0.5
0.3917237557751435	0.6251473983585873	0.5
0.37818510983995235	0.5254190727895224	0.5
0.36499464473550536	0.48886341462188193	0.5
0.3544489412318596	0.5738100619671591	0.5
0.3221320749255064	0.6678141956322571	0.5
0.32929417481308343	0.561772099998092	0.5
0.44375890767714266	0.5737778061892376	0.5
0.37081666972363503	0.590153126858801	0.5
0.3450320194700028	0.5097951512876927	0.5
0.40214472775375826	0.5714347422481786	0.5
0.3744876823818498	0.6473324392243122	0.5
0.353740154827191	0.4486730158264057	0.5
0.37985830491844913	0.5655923798259493	0.5
0.3360163651453024	0.5150103945596206	0.5
0.3616806659629534	0.6121813320588267	0.5
0.37191077018290025	0.5416561702873063	0.5
0.3213324329566677	0.6415382413239678	0.5
0.34051459788418775	0.6004577796431045	0.5
0.37825748904188367	0.567237862542037	0.5
0.37193095012271127	0.6163805789013441	0.5
0.3409297669028195	0.6131516685083988	0.5
0.4184720891820635	0.6423138149193608	0.5
0.3505853706303133	0.49257344484775145	0.5
0.3487016492351231	0.5638483708412764	0.5
0.32732027595464724	0.6551887352608341	0.5
0.42030922036620694	0.13417419564833621	0.75
0.3687769186216363	0.1743380083032503	0.75
0.3731689619556026	0.2054109699381582	0.75
0.44635398076381827	0.2962126141144398	0.75
0.3984853868888042	0.23053247372666985	0.75
0.38712067397067484	0.2011639974768874	0.75
0.4034817936209796	0.2629887965246828	0.75
0.4302401593588105	0.21303326937302114	0.75
0.4387726091061448	0.2929079291548492	0.75
0.42206797106287786	0.2388608632332236	0.75
0.4107717609214623	0.26148859187855344	0.75
0.43621517449645336	0.24229096154834606	0.75
0.4312568512823232	0.1750615439337228	0.75
0.4151227984245876	0.13765078226209748	0.75
0.397155608240781	0.24915847171502006	0.75
0.3982884922055119	0.2175160078421852	0.75
0.3376872758542012	0.2013834906568548	0.75
0.4291598917127103	0.2627165844157555	0.75
0.37648859362257986	0.1721063080769495	0.75
0.4406380949330815	0.3114940387614011	0.75
0.4291936281727895	0.2594215698979281	0.75
0.38148990619278894	0.12453170294023747	0.75
0.3799629063084504	0.32960760497287606	0.75
0.39658364012266395	0.26033986189473246	0.75
0.4586791393137454	0.20890205731401065	0.75
0.40503756268454905	0.2181784805926702	0.75
0.40823043305217166	0.19160111393497414	0.75
0.47319799298647774	0.2533648526415392	0.75
0.41541782609476513	0.1918743885152163	0.75
0.4439966666814881	0.165432044959963	0.75
0.37961201316133475	0.23645858221337498	0.75
0.4144004607351829	0.1397769187944659	0.75
0.2680176585131838	0.20469994757019444	0.75
0.3610618446912213	0.2613034215222009	0.75
0.505740865897784	0.3103081920461828	0.75
0.3073543504441264	0.19369582434360738	0.75
0.42093818889500095	0.19625577238548048	0.75
0.40041020913031583	0.2025671734741986	0.75
0.44326124502207	0.08768669548397279	0.75
0.4167407821417334	0.1846366524917716	0.75
0.4225709363579202	0.25893480718368606	0.75
0.36461055012996957	0.36846794152771817	0.75
0.4418230026700569	0.32458310741120316	0.75
0.36420109042077786	0.2905143448461664	0.75
0.3633231075589768	0.27497306560637114	0.75
0.3711398309320021	0.21586375706281158	0.75
0.3302751590022979	0.180899765757207	0.75
0.499535318735166	0.1854618637547985	0.75
0.39563670672288015	0.049338774122334395	0.75
0.37521319192731784	0.28537432616402975	0.75
0.39482944709312845	0.23035506921632787	0.75
0.33661450242150925	0.21337258512330004	0.75
0.4127273709965914	0.2784354101434639	0.75
0.44069819022432255	0.2706644429073228	0.75
0.41515419828093736	0.24153789012170035	0.75
0.3790448592422499	0.2707438134141089	0.75
0.3737457773674593	0.22021703380551666	0.75
0.4040730022913972	0.2673462648241802	0.75
0.38853808418545766	0.24569281211244054	0.75
0.3540996980629958	0.26302565532776856	0.75
0.4259085902539262	0.09774432923203813	0.75
0.5055485571046231	0.286864148441629	0.75
0.3729758232570482	0.243974111677239	0.75
0.43174446350866363	0.15061705947686577	0.75
0.37862907883420255	0.26073605991019894	0.75
0.42131296925509015	0.24317221328665733	0.75
0.4216565273439384	0.18792286874951414	0.75
0.4086795731889282	0.14152004325314904	0.75
0.40519631431135195	0.19150384862950004	0.75
0.43857391005788504	0.17657835286761556	0.75
0.41815504574963214	0.2693573923248275	0.75
0.4820016510754556	0.11388365523509819	0.75
0.35227873832511	0.25754127893795903	0.75
0.41669482460450546	0.13507844841125438	0.75
0.387910472877645	0.20813111418750213	0.75
0.4301007149998832	0.143907294825943	0.75
0.3536738929187558	0.31627012624481576	0.75
0.3434237050582706	0.2678419121439144	0.75
0.38952554889307317	0.14022040009305214	0.75
0.430330839251446	0.2842562506921431	0.75
0.4574168148799918	0.18775963637869766	0.75
0.40308417292203214	0.3020594137470974	0.75
0.41087015907356467	0.2565295902190745	0.75
0.4016551075640451	0.24739775965423744	0.75
0.405393909614861	0.28717134531657823	0.75
0.2753879649503157	0.21723183562983742	0.75
0.3751109133603656	0.21339420518079408	0.75
0.4259876071570548	0.24080582325976008	0.75
0.3738397243178895	0.25691834344566133	0.75
0.4436289178570808	0.27491001361043044	0.75
0.3990380505086703	0.19753359308993818	0.75
0.3867374423951191	0.22773092613494356	0.75
0.38914489140621983	0.20602168186028366	0.75
0.40249240741147285	0.289755127500494	0.75
0.33475634085354533	0.24501015447630345	0.75
0.3475632501923775	0.19973145957925978	0.75
0.3860333081437961	0.3029732240934949	0.75
0.41773314508038534	0.19151148746664712	0.75
0.4004311752935462	0.09521423449643102	0.75
0.42341843174892624	0.2611078109286903	0.75
0.45234788845633145	0.2373005287534837	0.75
0.403957128159958	0.17827722862255752	0.75
0.37543057221346793	0.20374581702464967	0.75
0.3930476103583521	0.32277298224310647	0.75
0.45329251338526183	0.3023550177466694	0.75
0.413652598904244	0.2930645108696338	0.75
0.440670258697574	0.1869438416147485	0.75
0.40224210962979645	0.2160432150504201	0.75
0.37560572777344875	0.1787972369736843	0.75
0.4291413271693007	0.27924856213940796	0.75
0.4185310699262938	0.2308501848932569	0.75
0.48661457538992137	0.1579999486179114	0.75
0.4201573007522553	0.350798870808226	0.75
0.3889621989630366	0.18098747338280619	0.75
0.42785744018969385	0.2613141887113278	0.75
0.3587485891383014	0.2552116708699015	0.75
0.4058648896157214	0.17444195612792412	0.75
0.420814537610618	0.2072471717936947	0.75
0.4275364176432704	0.25597628084118473	0.75
0.4740036361023764	0.1765517946959451	0.75
0.49516003805407743	0.29687785383582244	0.75
0.4304520926348492	0.1388687957686176	0.75
0.41630679068304394	0.30281727544658876	0.75
0.430496029026208	0.31654019014056245	0.75
0.42366535971489844	0.2676455461032375	0.75
0.4289344040390048	0.24267060934588278	0.75
0.37601365536567144	0.16738671344096745	0.75
0.4618971001242546	0.27062301540772293	0.75
0.45561314592928137	0.19416884295672948	0.75
0.42036226203667504	0.21325968976226717	0.75
0.38580232132128595	0.18808911971227826	0.75
0.40701779403151844	0.2664616113057898	0.75
0.4128312079668392	0.26325912180292765	0.75
0.350544674536228	0.3237014541763131	0.75
0.31401266646638143	0.22564659894042527	0.75
0.49190177786713635	0.2003802903404009	0.75
0.4404780277268714	0.3212646259128241	0.75
0.39635107528510743	0.22556037855757455	0.75
0.43303574089840435	0.253150445546114	0.75
0.4251131691357353	0.21240552401257148	0.75
0.4232861811723986	0.31567424685783446	0.75
0.4021221934329819	0.24046995830050577	0.75
0.4378659471694666	0.19918941554464437	0.75
0.4493801104145211	0.2846155737175181	0.75
0.3693228219762721	0.20234801493239427	0.75
0.4148223510861129	0.18327168825971207	0.75
0.41330452297095915	0.3245471115759785	0.75
0.4175572674536656	0.06658879080753766	0.75
0.392694460845788	0.3442036888935299	0.75
0.38657473136957565	0.278904360440695	0.75
0.4108803516224747	0.27778470662449617	0.75
0.4003472624573061	0.3759954364826008	0.75
0.48723591480806	0.20247767612504985	0.75
0.4379344221799034	0.23807629870819538	0.75
0.465682225911349	0.3095245914687411	0.75
0.3208843345144513	0.3778432015197659	0.75
0.48331993508422805	0.20826027409069856	0.75
0.39146080263300365	0.2469225019771656	0.75
0.38566140225088946	0.23113760819423165	0.75
0.41168247158585275	0.265376701380892	0.75
0.44571262206834594	0.1942879439305318	0.75
0.3688086472269585	0.22428843426582423	0.75
0.34175589915704885	0.24525723006034658	0.75
0.4166529721181803	0.22847708163579575	0.75
0.44225173541884166	0.2590821126419113	0.75
0.38065103356122443	0.17743745928021262	0.75
0.4060767536428358	0.09085489476909592	0.75
0.4759266915186098	0.20929929993673263	0.75
0.41609263767995375	0.1849511620394718	0.75
0.3937573973427266	0.2643670550024238	0.75
0.399986498531401	0.26200667969634617	0.75
0.38454140868434034	0.1845881658731542	0.75
0.2964885428817685	0.1389612235184597	0.75
0.3532154050184014	0.23844186594213612	0.75
0.4096458198982096	0.16552145837189758	0.75
0.43682045596751723	0.2636432850912642	0.75
0.3748282769455846	0.28961884431652407	0.75
0.4211446249718918	0.2705080367594259	0.75
0.4159567774946042	0.31014617051206417	0.75
0.40469394945661347	0.3588059771257453	0.75
0.4603046821341795	0.2524515790494565	0.75
0.4003347894437418	0.2542185081318589	0.75
0.4865963881618809	0.17833720427065328	0.75
0.37473981488626895	0.2125545828312943	0.75
0.3431024020792678	0.3011866601287045	0.75
0.42393705878374877	0.2327057475690787	0.75
0.38770362572009637	0.20736933708350092	0.75
0.3857397233295523	0.41418772154604794	0.75
0.33428156084464833	0.15044399627321514	0.75
0.436363658930975	0.20824445915445797	0.75
0.37760706205690436	0.27086272182348636	0.75
0.40292079670454756	0.33664725070488005	0.75
0.3767606246300235	0.15668748816482958	0.75
0.40553431511860294	0.18698505387661282	0.75
0.40944390440501804	0.21078429528546616	0.75
0.3988836908845041	0.3183185378088136	0.75
0.39450766198944864	0.2889873735425128	0.75
0.4460438469857248	0.15985814962965061	0.75
0.41274797953430414	0.17816705583931397	0.75
0.451577779104465	0.2491205229890946	0.75
0.4150205336884688	0.23730010130685733	0.75
0.40088687826986935	0.2500405528711189	0.75
0.4001185037148172	0.3114971788897954	0.75
0.4605520283336391	0.20454952449460198	0.75
0.43647548270584136	0.07471036518546553	0.75
0.398430996392013	0.23954565145386994	0.75
0.46562711879849605	0.3338947339715828	0.75
0.39108679356333514	0.20380756132115277	0.75
0.3148048696197403	0.38516116010027895	0.75
0.44095488415698403	0.25648926818154616	0.75
0.45137847349398197	0.1973827186899054	0.75
0.3705010649339055	0.17839535572852847	0.75
0.35702517467393635	0.12487313055880883	0.75
0.3907756040566389	0.25012556370956796	0.75
0.40691923185086265	0.3118945658228414	0.75
0.41560465268204166	0.21496628882173177	0.75
0.4395304953875946	0.24638140824965057	0.75
0.390257749139227	0.24880178947465906	0.75
0.47320952728463217	0.20735784203938057	0.75
0.3720002130311996	0.2501001724615813	0.75
0.4175804729388255	0.2528418054479588	0.75
0.3157902001389913	0.29369666689722806	0.75
0.4429376436357375	0.1998462985412544	0.75
0.36436690956376794	0.18217711543664158	0.75
0.3992983321877932	0.2677141511065154	0.75
0.48755186584661836	0.29673773871843395	0.75
0.34494327766132005	0.2128001189132606	0.75
0.39171884436919613	0.22961656608767178	0.75
0.42353628899946205	0.36076896955072224	0.75
0.3701197947184377	0.26228977631319284	0.75
0.4294015209258146	0.16159037383214264	0.75
0.4914713581072822	0.12513189176793832	0.75
0.40658457413566007	0.22390506900670532	0.75
0.3987356222485806	0.20616469185489433	0.75
0.41758849800628894	0.22800137950720112	0.75
0.386250257387784	0.2853222750208072	0.75
0.412480192696959	0.15814009514265176	0.75
0.42380158169679244	0.13199019695983483	0.75
0.32981797785618155	0.1438071676768603	0.75
0.39400171092382663	0.15606290246415538	0.75
0.3584542796001321	0.31417084609790086	0.75
0.3792391663361668	0.20202508094731697	0.75
0.3689487332440794	0.24610759783563324	0.75
0.42844693089441904	0.22699805237571405	0.75
0.35955501109463145	0.2607236560271677	0.75
0.4017877665403035	0.27079808404421457	0.75
0.4376868755791529	0.1943477948678674	0.75
0.40559907218150393	0.23209523597315207	0.75
0.387501623814236	0.26175242458169323	0.75
0.3785831266514883	0.18584448727280614	0.75
0.3956828650736107	0.2144812471289906	0.75
0.4257616114664917	0.33719186132186585	0.75
0.33720094594872174	0.14051208867768034	0.75
0.3286280476742338	0.2796119423309479	0.75
0.4005281859895749	0.2637105817848142	0.75
0.4177315614489928	0.262547278779186	0.75
0.37784254967060227	0.2272096097265174	0.75
0.5193949115977201	0.2371287255135664	0.75
0.43295768237861343	0.1925253470474235	0.75
0.3397477041529352	0.26205710782236596	0.75
0.3991536292871301	0.22793016385417117	0.75
0.3738977129733273	0.2323959162425329	0.75
0.3793915233810621	0.16931962380206533	0.75
0.32957140327110446	0.2931724758455019	0.75
0.3705053434626704	0.2812883763266152	0.75
0.3600144611789133	0.21616650132613002	0.75
0.4019159434992405	0.20350692214640942	0.75
0.4452909765228313	0.2992508538262047	0.75
0.40002427537056134	0.22259713208579546	0.75
0.41730270347089216	0.1958678779357549	0.75
0.3903445921235735	0.29097834062909433	0.75
0.39798665557331064	0.17006486132111867	0.75
0.33254812205698636	0.11748107009244618	0.75
0.45706414965504744	0.15533950999556057	0.75
0.3564601550854418	0.24795009581365512	0.75
0.41336182413025097	0.09972615233489213	0.75
0.3867934389606525	0.30644199193425764	0.75
0.40355716544012726	0.3019002408341079	0.75
0.4432103458104512	0.06238857488381133	0.75
0.43831118125134383	0.21601585519540922	0.75
0.4244534664664268	0.36662665266284783	0.75
0.3767661326614642	0.1463324001382041	0.75
0.43951183508776204	0.2795520225591652	0.75
0.38298776415319286	0.2488538089938907	0.75
0.390755932206982	0.2007253991581912	0.75
0.3873216112165542	0.19973492277439966	0.75
0.35560763362174186	0.22899920673940014	0.75
0.41288007682892935	0.24844695357997276	0.75
0.41866047057163813	0.13623281502323853	0.75
0.41734760426263806	0.20603970712925002	0.75
0.379325211373437	0.1888628698252809	0.75
0.45485456496403703	0.21850583113715522	0.75
0.4369706736756124	0.3670927961998122	0.75
0.40075184906671374	0.10903511819241835	0.75
0.41883420798584414	0.35325851314034185	0.75
0.4923720500262771	0.276430473494296	0.75
0.40544643770151145	0.1858969166927636	0.75
0.20737449884263395	0.209593357050931	0.75
0.432698002834918	0.29601911317049157	0.75
0.4528661258888108	0.2733958825477925	0.75
0.41271382383873717	0.14599356592893042	0.75
0.42450372781935014	0.22356278920982034	0.75
0.35300089055520734	0.21500137567809086	0.75
0.4560058800048277	0.18609985256374312	0.75
0.3946277691438886	0.24464362992834549	0.75
0.39425394084462273	0.1827305124437348	0.75
0.39407681765891345	0.285474125636667	0.75
0.39287640944704355	0.27620605935242337	0.75
0.38131906196834675	0.21094616087927343	0.75
0.42852829382950364	0.31474978788607255	0.75
0.3405590277678658	0.2593331551511512	0.75
0.4501703109443221	0.1399172108882883	0.75
0.4516853908038023	0.33873783278999947	0.75
0.3765255422125331	0.11586576880926269	0.75
0.2968438957920759	0.2205571414883802	0.75
0.3971686199443519	0.27921671519498814	0.75
0.3911480924886762	0.3145701317944759	0.75
0.46605307817819264	0.26751813137928904	0.75
0.43669013215739577	0.2850110920354477	0.75
0.3267539317385379	0.3048328077393272	0.75
0.5315508008075405	0.4626781993679396	0.75
0.46255228132055815	0.09326434397561256	0.75
0.498047135458837	0.14727523014699162	0.75
0.40247444531101456	0.32871999044823924	0.75
0.47893288254622635	0.3857375306176643	0.75
0.43251336152219294	0.29515786575807695	0.75
0.44371014746473575	0.31644823259426985	0.75
0.4229714878456717	0.1860399387675825	0.75
0.3616181077455991	0.14089205428389712	0.75
0.4369077020303115	0.24621366597436603	0.75
0.3894780488811428	0.32725987248860433	0.75
0.42749061622237755	0.3172014307471763	0.75
0.4687388206928646	0.24166191923633895	0.75
0.4668366414590714	0.28628783627325316	0.75
0.43493786192790074	0.2508787491549997	0.75
0.38609663362602	0.23106679036634256	0.75
0.3622768226295457	0.2038986912116069	0.75
0.385682761816086	0.3609868637029774	0.75
0.4646131776905003	0.17804905891204098	0.75
0.47755698552302916	0.23487610847787777	0.75
0.44982895153578306	0.12483951252375725	0.75
0.375183652181225	0.19350670506020748	0.75
0.37345705925345907	0.0960674936673564	0.75
0.5412884489598286	0.22072276825143833	0.75
0.4661643724770359	0.11465739965840316	0.75
0.44251239864366204	0.19020425028193058	0.75
0.3578155566559884	0.28803978444894496	0.75
0.39735928240453683	0.2413899864723996	0.75
0.3844384668113884	0.20327501534516362	0.75
0.44537265424197503	0.14436271267337109	0.75
0.4745198819335694	0.16254248603444743	0.75
0.38089373367949525	0.200750708415423	0.75
0.3989516169287966	0.2657582902856167	0.75
0.4260916987083259	0.3059379141658298	0.75
0.37394040975417014	0.3576559222972435	0.75
0.35930821172715605	0.25283557404415863	0.75
0.40540734956040436	0.21429290241153243	0.75
0.41033292144966493	0.3045184481453968	0.75
0.4171182340493874	0.1650082621100375	0.75
0.42411927308106945	0.2263760398027351	0.75
0.40687678440820035	0.18601728455522348	0.75
0.3567588208079975	0.06284486215196672	0.75
0.46491204712999945	0.2799375721740428	0.75
0.38736318150779403	0.23265200278401751	0.75
0.47854664983009715	0.20760144837489067	0.75
0.3964871334971855	0.11536911899819946	0.75
0.4655336986040639	0.2796111990335842	0.75
0.3467587740099779	0.22962678961083716	0.75
0.4380253674280848	0.20918414529998666	0.75
0.3574635923256264	0.2274452370767208	0.75
0.3933665606512664	0.30498811168120415	0.75
0.44332712538851016	0.3026955796330636	0.75
0.3710977841781149	0.30786441267882636	0.75
0.35146412674938393	0.22866209247965236	0.75
0.39579677960897575	0.20240033281530223	0.75
0.47641599652174466	0.22949363915748244	0.75
0.4318203735375852	0.19611157179294636	0.75
0.4165072882389504	0.2190768964041488	0.75
0.37122690792993895	0.16539701782306937	0.75
0.3939573724815293	0.16920581915253027	0.75
0.3721046472640972	0.23178606097933513	0.75
0.39215919158704865	0.27224172882581454	0.75
0.4200459883826522	0.24428279976592365	0.75
0.29813841567688204	0.20904721718057867	0.75
0.40685777531342937	0.3194141511058788	0.75
0.40063825988955487	0.05957376144288007	0.75
0.4793325924814079	0.1779094585226403	0.75
0.3931911931896203	0.19227680943317432	0.75
0.42034860244674715	0.2757290143321528	0.75
0.3941287327071931	0.1756537454968226	0.75
0.37380214468928313	0.23220091782557534	0.75
0.3851613683477218	0.2958516500994206	0.75
0.4141693799586975	0.1763825810481621	0.75
0.487319817490992	0.30061245203746956	0.75
0.36075849124227394	0.28497587060388013	0.75
0.37191234068264645	0.2099145030640269	0.75
0.49341891476588734	0.11798187608165811	0.75
0.4079319282594026	0.1876957116156285	0.75
0.3596026666686207	0.10928686460557596	0.75
0.4067299899749326	0.2564123585047058	0.75
0.4225207902120246	0.14841070276560508	0.75
0.3421887207728033	0.32907582560720705	0.75
0.35504396633859775	0.24189166358156167	0.75
0.33284320577910703	0.17556088987313942	0.75
0.40963553366157335	0.2629446836189473	0.75
0.4698455317172202	0.3315054456095405	0.75
0.46220556005595725	0.291122612495271	0.75
0.386998062424302	0.2332539565368275	0.75
0.3949481429825568	0.23197258322650904	0.75
0.3432640764319459	0.15622896664795877	0.75
0.3927059435729911	0.16484035675697428	0.75
0.37889660238731526	0.35451390795275384	0.75
0.3813447793646232	0.17169815280073006	0.75
0.40861985924422567	0.2954278750480297	0.75
0.3972149414539661	0.23477472628920315	0.75
0.46488890630541874	0.2574198015965188	0.75
0.41439592853049223	0.16711439550535134	0.75
0.509627467233699	0.19353338338615006	0.75
0.35638483301685087	0.24243063746429389	0.75
0.45300614225932595	0.10394668804711615	0.75
0.4666216518778292	0.16103124843843447	0.75
0.4232383678143277	0.34942378478308683	0.75
0.43670087953671366	0.312700337801994	0.75
0.39136771078333527	0.09610113033220824	0.75
0.4585014103397832	0.1719744432268303	0.75
0.4568550799359517	0.19065032688275052	0.75
0.4519448978553343	0.3146505565633855	0.75
0.4291193155036385	0.22899540431245946	0.75
0.34591087361266004	0.2775349402233855	0.75
0.4089853843358514	0.27855796969168156	0.75
0.44651218832571893	0.33581566041551536	0.75
0.40182657413651496	0.1791216016912586	0.75
0.3833363484372488	0.21590064682038376	0.75
0.4170245048388769	0.15477493382520502	0.75
0.3886161296284091	0.25836893880262507	0.75
0.3888636151968752	0.0	0.75
0.4274667528424749	0.24542290266675149	0.75
0.36029816967361233	0.2243272765948211	0.75
0.435131208019389	0.36733042483703165	0.75
0.403386316985959	0.22398288974021047	0.75
0.47996394392760583	0.1602358536856746	0.75
0.4202199221405645	0.14902113212342327	0.75
0.4027241308645466	0.22528293386361384	0.75
0.42892258622874413	0.22838934563475688	0.75
0.38500002273969824	0.19327938748222193	0.75
0.3696336262412226	0.316393166209874	0.75
0.34311919213749825	0.2569209174252206	0.75
0.3880648358108202	0.24910298365589947	0.75
0.46906189335390475	0.04826395011039114	0.75
0.41650176182777426	0.3890244389205306	0.75
0.4210978523655032	0.8391213652524429	1.0
0.42056778103531234	0.8329975646019654	1.0
0.450711678616896	0.8387369368455879	1.0
0.4205237464735177	0.9581467047646753	1.0
0.46976483702149396	0.7849573532031016	1.0
0.5213453732026201	0.8515560904772088	1.0
0.38786805705767213	0.7153520489195083	1.0
0.42610519744145436	0.9650089944629892	1.0
0.4716145212559661	0.7589930863196901	1.0
0.46963035860663466	0.8340364992090781	1.0
0.4673568638594227	0.7821317337679792	1.0
0.432696675240142	0.895254061862504	1.0
0.47586122003519254	0.711170313465084	1.0
0.45803628547051267	0.8885500624366874	1.0
0.4513008397044825	0.7274845647923381	1.0
0.4498661002904145	0.8548644766792213	1.0
0.4387800345879754	0.8998600919600868	1.0
0.5044176091640639	0.6766182038319474	1.0
0.4086434433669822	0.6981702420062073	1.0
0.458606333157834	0.703625427579698	1.0
0.4156265156162496	0.8764533462990012	1.0
0.48227981542317316	0.8347972521605462	1.0
0.4677834766684043	0.80352160680628	1.0
0.4452169793671299	0.7756585962527179	1.0
0.48871527266604053	0.8599307046666855	1.0
0.43190378839643206	0.7469671831114584	1.0
0.4218126101568634	0.783297684323066	1.0
0.44861505203217944	0.7608436679649165	1.0
0.4700899482566531	0.7251740629031771	1.0
0.4463977674339848	0.8958183428541948	1.0
0.5027673458991241	0.8137532736570495	1.0
0.4349326562962946	0.7971858824971971	1.0
0.503290516372509	0.8373983802009676	1.0
0.47001281802942313	0.7025897125086791	1.0
0.4638964584527143	0.7382977569085658	1.0
0.48769072279436204	0.8052909050197394	1.0
0.5273432651882315	0.8194016424434135	1.0
0.4470672764104826	0.8474512237711519	1.0
0.4579418055867757	0.8429484081393323	1.0
0.46723663171000107	0.7721878408010848	1.0
0.437557986176494	0.7810508644904712	1.0
0.4157372007662289	0.91346036658959	1.0
0.5000751628477816	0.709326009016482	1.0
0.5115081822571415	0.8292057460097129	1.0
0.4882440895822965	0.7826065623374616	1.0
0.4541929727490034	0.6424403971670698	1.0
0.45801223849391104	0.7705300719720405	1.0
0.4023629475562877	0.6928103221645686	1.0
0.5033745786546487	0.8796901485173128	1.0
0.5102315334125028	0.8196539212647012	1.0
0.47651778933980665	0.8324419392538442	1.0
0.47134311728620065	0.7922195541433521	1.0
0.4990186315270661	0.7758792091387029	1.0
0.4270048909589078	0.8546430242765995	1.0
0.551400962653729	0.8263765982974511	1.0
0.45357643072014786	0.7186351799383262	1.0
0.5229358522443455	0.7175129164208048	1.0
0.43973509319240406	0.7911717616137758	1.0
0.45004121346182346	0.8388809502024113	1.0
0.43607481561765493	0.7261700754621321	1.0
0.46157687446693874	0.7674685456585749	1.0
0.43560842057418	0.8770756337236968	1.0
0.4773609098973058	0.8876871488417285	1.0
0.49958813533827173	0.8362985759036519	1.0
0.44725960006202686	0.7706281254472036	1.0
0.445531784868377	0.7066072338193943	1.0
0.4331446221227784	0.8169532136827045	1.0
0.4354818220839141	0.8133953074307015	1.0
0.45700040443309203	0.7106453119561393	1.0
0.4533213034557484	0.886618908638211	1.0
0.41854941995254097	0.8058182879494348	1.0
0.5016614860114472	0.7672352030037473	1.0
0.4652188240013711	0.7467978109396711	1.0
0.5222415622404544	0.7757778338443245	1.0
0.49358013304770687	0.827067481302869	1.0
0.5086898534023856	0.7990408191701964	1.0
0.4976555727523852	0.7771342558675676	1.0
0.4976350373591589	0.833291760963871	1.0
0.4019789936580668	0.8654604924199805	1.0
0.4110669379174283	0.8273705597543398	1.0
0.43697954037110653	0.8909292574948924	1.0
0.43828999913943767	0.7939951132859703	1.0
0.5059114508284337	0.7824584000610455	1.0
0.45546490049199867	0.8925636065726799	1.0
0.4552057186171668	0.7592700828974819	1.0
0.43373135418066966	0.8562483329537216	1.0
0.4118155009742739	0.7379861079376093	1.0
0.43190564260068576	0.7502808190340478	1.0
0.479259174540601	0.7927291005903119	1.0
0.47126622704625293	0.8273140040752891	1.0
0.4282066583967605	0.7825021082101182	1.0
0.41271295809453834	0.8652676679906004	1.0
0.46027259719592034	0.7346108887408772	1.0
0.4386266112304446	0.7087867138125632	1.0
0.4771445797212464	0.755234561347521	1.0
0.45697549751073974	0.7833106048703016	1.0
0.4329434969937437	0.9035285279096534	1.0
0.43567054379467174	0.8155173504895157	1.0
0.4932922133470772	0.7709305755244391	1.0
0.47211762320696465	0.8065012020447845	1.0
0.46203690897047184	0.8413624067918859	1.0
0.42445259894937704	0.8783989896355575	1.0
0.4356172811563507	0.8189689601896692	1.0
0.48999132771132264	0.754247487882903	1.0
0.43832424632905387	0.8711708854341909	1.0
0.49017925679323854	0.7977835054793767	1.0
0.4766982580069883	0.7854953650183463	1.0
0.47393735679717125	0.738950716193494	1.0
0.46855718186009077	0.7241418742957104	1.0
0.49493992148058347	0.755307654363505	1.0
0.5220549928446296	0.8591632807799519	1.0
0.445283586975184	0.8253683759408794	1.0
0.49423724769519595	0.7242456814882028	1.0
0.5075357738898824	0.7418129403050513	1.0
0.5084033377139727	0.8169299485189838	1.0
0.5056160029705669	0.7573528916323762	1.0
0.47043689749012274	0.7694904745705867	1.0
0.4590961037110254	0.8166588554260665	1.0
0.44440619056979114	0.8378565274287592	1.0
0.4445163611655769	0.9771853915208479	1.0
0.46006293124308845	0.7820793967819863	1.0
0.4256894629524208	0.7853817353950848	1.0
0.46337181015823425	0.6290729388382276	1.0
0.42956381330952004	0.8365365102629942	1.0
0.48875738938575725	0.8874864527673417	1.0
0.4535619243215114	0.8579153173045793	1.0
0.4227851186939711	0.8370964263274765	1.0
0.5354717893137984	0.8743958298941711	1.0
0.4401546269705621	0.7703005973366256	1.0
0.4821601501088289	0.8539180049820753	1.0
0.47240077791694135	0.8799460754379076	1.0
0.4206688752918146	0.8415077083767957	1.0
0.45498148892415347	0.8304394378680828	1.0
0.4807003459393564	0.6980441185302442	1.0
0.46334339260422075	0.9458726070349888	1.0
0.4011846474116117	0.806912062364342	1.0
0.46246882271951273	0.8890080806132876	1.0
0.45829288598901724	0.7378224754677485	1.0
0.4191805942318322	0.8809049744125199	1.0
0.5036197976229898	0.8359520567117885	1.0
0.46381131514681023	0.7397689704066658	1.0
0.442578198380967	0.8149878063226313	1.0
0.4576848446980318	0.7948700262594379	1.0
0.47111118612311875	0.6618728534208456	1.0
0.44816331514457614	0.724163830293132	1.0
0.4596233504255134	0.7421070965243923	1.0
0.43015141157981873	0.660046107105153	1.0
0.3779201453784469	0.7047844679361006	1.0
0.444741549535114	0.800876951830951	1.0
0.4249559591938259	0.7336429158227241	1.0
0.405619296867224	0.6635170301260273	1.0
0.45046425716800514	0.828631682494215	1.0
0.4549367143422954	0.7747282260228645	1.0
0.48359288361765235	0.8604491801067236	1.0
0.4915408832481173	0.8808906467793518	1.0
0.5484674806146084	0.7906461336654682	1.0
0.4792481195280564	0.8209541304085726	1.0
0.4475034366507186	0.8714859068149647	1.0
0.45157024714006605	0.7852747263865705	1.0
0.460778623893853	0.8445506283960135	1.0
0.4571006585971536	0.771302204382325	1.0
0.46601592716926105	0.7325176414118304	1.0
0.49082494244667974	0.9562688830404339	1.0
0.424811293163302	0.7336999000194834	1.0
0.45797527445290354	0.8627589767264531	1.0
0.4777736568727994	0.8474626438449615	1.0
0.48516594073282215	0.7837855229822654	1.0
0.45623024251291877	0.7452658412324373	1.0
0.5052647607847113	0.7869403569512106	1.0
0.449978558871457	0.8022902718777956	1.0
0.4876249599650201	0.7456448693580009	1.0
0.47713431310751986	0.9107641875388822	1.0
0.46394881289140294	0.6922547610512679	1.0
0.43213151685009926	0.9041040065048163	1.0
0.47590313236158865	0.8513539873484494	1.0
0.4328016971688286	0.8078473603973861	1.0
0.4606812939544383	0.8275849387587396	1.0
0.48163145404833224	0.9789540122604796	1.0
0.5061980475079254	0.8039534895560361	1.0
0.45000687886924157	0.5578005506553512	1.0
0.4226764311490401	0.867970121932248	1.0
0.5086221011885398	0.7246305270136151	1.0
0.4365970522971434	0.7658993212432359	1.0
0.4730148382039795	0.8159980132164932	1.0
0.4187161006571303	0.8946127252053473	1.0
0.49023259180381523	0.8805761975389412	1.0
0.4775998984678533	0.7613168932699128	1.0
0.5049384947180765	0.6551176895366024	1.0
0.4815736477165357	0.9102331940489017	1.0
0.42219372638362523	0.8245919794313638	1.0
0.46838350594109046	0.9158091148059124	1.0
0.4446770281829675	0.8191159246154955	1.0
0.43877426611357695	0.8397809023982461	1.0
0.46503961777009784	0.7651481149130344	1.0
0.45444933257674736	0.7465124931843877	1.0
0.4471629240057574	0.8225920378776852	1.0
0.45820978460334905	0.8197433630698661	1.0
0.477913224706914	0.8124175671651408	1.0
0.37731258383319727	0.7653288656062756	1.0
0.43762019504076916	0.8533931670150186	1.0
0.47703181057462885	0.6793706761463024	1.0
0.4912966043358426	0.7959969155410875	1.0
0.45998145519280903	0.7084168687988684	1.0
0.4295583583087151	0.7965188277266677	1.0
0.4941715774786313	0.8570232876812327	1.0
0.4113012765138889	0.8595006936215617	1.0
0.4957457207476186	0.6816725190906393	1.0
0.3642105937801016	0.8138715085146633	1.0
0.4881659959461732	0.8085884825651777	1.0
0.3882697572772416	0.7694669433873054	1.0
0.4829999360620253	0.8144471666440111	1.0
0.47668205503815314	0.8278227390312594	1.0
0.4229814258732942	0.698709390525846	1.0
0.3970672144380412	0.7972733724698475	1.0
0.46408680965767685	0.8080241718632848	1.0
0.44674872806098487	0.6397357209623145	1.0
0.4275640337533876	0.6698435242706611	1.0
0.41773394212961834	0.8151441683193741	1.0
0.4617581174236398	0.805390594993814	1.0
0.4086766494715638	0.6809347324153723	1.0
0.4252004925938946	0.7368019925642328	1.0
0.5088163685095252	0.7909953066277952	1.0
0.5212731646225905	0.777147578459312	1.0
0.46389147566412514	0.7991170597666867	1.0
0.4442554263459412	0.7802633906627395	1.0
0.4920660669611169	0.7835909575314617	1.0
0.4491318523146187	0.7947193300270717	1.0
0.44627290721620133	0.8009471771021328	1.0
0.4717919672423024	0.5765637147742386	1.0
0.42513407105261636	0.715414240365523	1.0
0.4415698135174598	0.7444019362581669	1.0
0.43547674319638124	0.6816733484531334	1.0
0.5010518948238303	0.8366136637666198	1.0
0.4175127768831538	0.8335401285897877	1.0
0.43678184351273563	0.8674798522004402	1.0
0.4042558241146545	0.70252087799146	1.0
0.4098931135176914	0.8413988279741333	1.0
0.4527266880585742	0.7180654482364414	1.0
0.4891893347209492	0.7196862736809917	1.0
0.41167976936678363	0.8511918517366566	1.0
0.4347548043126219	0.7669901281808293	1.0
0.46063113989834875	0.7970556361315939	1.0
0.4775060654175327	0.7485088295543022	1.0
0.4698949233951483	0.8893885916199653	1.0
0.417999879724945	0.6333756112033336	1.0
0.4153753420274378	0.7648170068588573	1.0
0.45323378382130464	0.8516974952985367	1.0
0.4347835811569509	0.859210663288444	1.0
0.4121256345383465	0.8339120188820772	1.0
0.46169933608139185	0.7987463086192357	1.0
0.4969607168747976	0.7666888115447104	1.0
0.43045030682240903	0.8235305803941981	1.0
0.4918382705720031	0.6471786340321981	1.0
0.43014893270020677	0.498142639454846	1.0
0.40796877128223213	0.8332406690017558	1.0
0.42016478852434647	0.7445152783383048	1.0
0.48247552493827234	0.8658368024490433	1.0
0.45212390404949215	0.8196679064375165	1.0
0.46340450360377244	0.7994257952202558	1.0
0.48589207040302757	0.8683644930939318	1.0
0.45012293401721126	0.8189938886840589	1.0
0.47210397847000596	0.6827095190362431	1.0
0.49584864782983623	0.7223500095041964	1.0
0.4733371725104775	0.724532218825623	1.0
0.450681092261636	0.8139105660309585	1.0
0.4426879815319273	0.8587997150388615	1.0
0.4524676009950135	0.8243915038053525	1.0
0.4415089641963718	0.855774074899444	1.0
0.4778501906952254	0.8175526557017413	1.0
0.4647874248853834	0.8637222234711246	1.0
0.472049463086703	0.7768814007386711	1.0
0.4481801668762693	0.7712943030668555	1.0
0.44672194990888586	0.7298673753844939	1.0
0.43818525913176315	0.8975108767301186	1.0
0.4328463462540899	0.8370709569390204	1.0
0.4230673945283264	0.7940937510465028	1.0
0.47235509175824203	0.8096684911459681	1.0
0.4491441433956936	0.8405035942683285	1.0
0.4028109099678867	0.7259501352786957	1.0
0.49637760411148946	0.7639769199639671	1.0
0.4308308875958033	0.6981489536940682	1.0
0.5113901403703232	0.8236740476706527	1.0
0.48077780430054606	0.8294865974294423	1.0
0.4569852579695214	0.7620047237568852	1.0
0.46420944937588016	0.8320672541315832	1.0
0.44734532159398427	0.8165166000364535	1.0
0.46416688053209537	0.8677111133022779	1.0
0.48227082779893726	0.8449125096759831	1.0
0.450864205379242	0.7942278895810446	1.0
0.4389580843125951	0.8337521754648574	1.0
0.4456728701648242	0.7923041515407538	1.0
0.5228464885065867	0.7576564697424718	1.0
0.48830908205497636	0.7435767014957844	1.0
0.5054036840934268	0.7407590443952253	1.0
0.4655527905878038	0.7600123860408396	1.0
0.46157741981805833	0.7700237690961423	1.0
0.4334235672910701	0.8831434023479533	1.0
0.39498403474092136	0.8337743972203866	1.0
0.5048072823091372	0.8851378057477912	1.0
0.4561598206811913	0.8669435408842581	1.0
0.46770468680305805	0.7979287867117271	1.0
0.4180449416877384	0.798212825301551	1.0
0.40774648232549476	0.7165416234337998	1.0
0.4868252246863764	0.8008983269289175	1.0
0.49638903603154866	0.8419879463097041	1.0
0.4830037054565037	0.8537990640361006	1.0
0.4435956340054907	0.7199343007271466	1.0
0.4137225678499165	0.7556072542455119	1.0
0.5040429981840094	0.7555531178984154	1.0
0.43173115904644993	0.610622861425567	1.0
0.4749923399250505	0.6498185872132616	1.0
0.4569035889556795	0.9187873498526464	1.0
0.54247921603564	0.8355457312964052	1.0
0.4419772009080546	0.7885854876009661	1.0
0.4587928503779688	0.7713853942123778	1.0
0.4436792745168939	0.8318634627012524	1.0
0.4815197727461368	0.7434495986455021	1.0
0.4305638771209761	0.8029379554690481	1.0
0.45656031392135143	0.7048136223479904	1.0
0.4289112802021967	0.8894559322884004	1.0
0.5227580155027411	0.8251973593729885	1.0
0.4790621356468272	0.7433322050641271	1.0
0.4238320617305088	0.8941655867092966	1.0
0.4319981485589296	0.7392500954519359	1.0
0.415027698920114	0.6499143950274909	1.0
0.47072969626940103	0.9007489856629014	1.0
0.4481855694229246	0.7616334424791195	1.0
0.49868123911184015	0.8182975958760308	1.0
0.48896516536681367	0.7397012475611016	1.0
0.46931874937752627	0.8091429326474358	1.0
0.3947724482737064	0.8762769100715049	1.0
0.5052412354720104	0.6972454610379537	1.0
0.4886250835426475	0.8315530117198461	1.0
0.5038882247013715	0.8063644117552076	1.0
0.48382683026970835	0.7777676200166938	1.0
0.38765703380702266	0.8071325823985468	1.0
0.45828905515375246	0.7934362634799221	1.0
0.4301063956965708	0.8003826465822016	1.0
0.5021953816640887	0.6398155730586373	1.0
0.4092615658715925	0.7983042549153726	1.0
0.45355444258982036	0.853327977417279	1.0
0.4905553785078833	0.8319439639370827	1.0
0.46446244161670563	0.9107656934618907	1.0
0.4755982710682217	0.7396674178126399	1.0
0.4921082554380828	0.9290430450322483	1.0
0.425919815693458	0.8797490188633594	1.0
0.42431255096250303	0.822193039698372	1.0
0.4805645841953373	0.8259324212056327	1.0
0.4855320036090411	0.6863240675071594	1.0
0.47141746859568884	0.679083087741778	1.0
0.4621487014741997	0.87774812398165	1.0
0.4740559897192396	0.8588107147117061	1.0
0.4913230716016014	0.7950846633406689	1.0
0.4824520196529377	0.7679959337228099	1.0
0.4653352782523471	0.7621078754864314	1.0
0.4246658394005024	0.6707053595988165	1.0
0.4241847825602331	0.7388150124259425	1.0
0.46845009170124735	0.7917741990450085	1.0
0.391844003977957	0.760369421788247	1.0
0.4591554351125502	0.7552022550701363	1.0
0.39283604588412546	0.7775821389306989	1.0
0.4882805026177783	0.8422403906367089	1.0
0.4934908015056757	0.8256744587554027	1.0
0.38374953032693926	0.8300069644378825	1.0
0.4135696781020092	0.7629181672687666	1.0
0.46830862362473924	0.8870032506557202	1.0
0.42332810576536145	0.9264323171950527	1.0
0.4916695695705749	0.9152848212365425	1.0
0.38037124376823256	0.778002254430875	1.0
0.4622523998188891	0.7499121990874386	1.0
0.4612858843006346	0.7983953407496602	1.0
0.5040047982345911	0.8441475879493885	1.0
0.4725676710213964	0.8023630108036081	1.0
0.4639555585469612	0.7368952045570321	1.0
0.4684959078783439	0.8804735857970327	1.0
0.4555186585120615	0.7753805493023684	1.0
0.463093094445125	0.7904619998860141	1.0
0.3414850836467564	0.8355059034491865	1.0
0.4202553617839707	0.8793139567033972	1.0
0.397788766058899	0.6549353167695349	1.0
0.41888647890622194	0.8412824046298832	1.0
0.4928522379247595	0.8486600492946108	1.0
0.442642823622234	0.8808380289831438	1.0
0.43867157669970547	0.7260023071556138	1.0
0.46597230120763183	0.5813669150670265	1.0
0.47915289098496244	0.8252167052277646	1.0
0.4364318099216205	0.8923233532406287	1.0
0.4037756166269027	0.8098234839310758	1.0
0.4177747057967372	0.8702315699810359	1.0
0.4513978914891273	0.7368553009132384	1.0
0.48633678043694895	0.8470668708205918	1.0
0.42694721678966385	0.7460487325220829	1.0
0.4968342537668587	0.8180538666992265	1.0
0.45839714074319166	0.8711315374199202	1.0
0.45946829488491786	0.9243137587682111	1.0
0.46205725451310053	0.774705772823725	1.0
0.4894518883096004	0.7229481195091405	1.0
0.48911643515843684	1.0	1.0
0.5380974875661128	0.9090365158537225	1.0
0.4756529626836836	0.8315808817136409	1.0
0.44122613471788036	0.7776143234052662	1.0
0.44820129836195	0.8137627140625073	1.0
0.4729514925547703	0.7552110930695473	1.0
0.4748704188124923	0.7436527962485526	1.0
0.38465829428990234	0.7283125974501095	1.0
0.4888729536897352	0.7891251457589941	1.0
0.5181749895662847	0.8301972000489037	1.0
0.4444419334573612	0.8338271049177574	1.0
0.461372791789037	0.7767989648233709	1.0
0.4232078530230607	0.8457475007429927	1.0
0.43048037203200284	0.6681027271252374	1.0
0.43164520375899323	0.8192148521114831	1.0
0.4050312869952666	0.7170641080588106	1.0
0.4598023701113878	0.8763745390695064	1.0
0.46571903402647374	0.8206004994196008	1.0
0.4481597301612664	0.8032685490072962	1.0
0.4884054025652972	0.7542285544705818	1.0
0.37470050587402737	0.8314259946450029	1.0
0.3786866111335156	0.8505355975178422	1.0
0.5120245000232654	0.7083408453713889	1.0
0.4221980136513118	0.7566798450642029	1.0
0.45066254567765623	0.8582587452880016	1.0
0.5232894621456559	0.841474658272092	1.0
0.477196823378531	0.8202433215037948	1.0
0.468774836464774	0.8055790725926992	1.0
0.4175457146398894	0.9387614762236298	1.0
0.49753877429754584	0.678774926275274	1.0
0.4309743059693994	0.782548612629137	1.0
0.4875180794837215	0.7287460359029219	1.0
0.41551361639225326	0.6810626637456951	1.0
0.48731929532771473	0.75509345174789	1.0
0.41468090125765766	0.9023589963068895	1.0
0.46422434426096526	0.8324666332505152	1.0
0.44525472929191595	0.8903809661510989	1.0
0.42085063482906376	0.7801937511417114	1.0
0.4304289100057674	0.9054568387948296	1.0
0.4464195187627178	0.7769494330776305	1.0
0.463755717208992	0.8328349026802214	1.0
0.4675663026891309	0.7913522206589888	1.0
0.38598589020899954	0.6738240496635459	1.0
0.45460714287355203	0.8965842103996164	1.0
0.45868566055043775	0.8100021785562919	1.0
0.4491011397518674	0.7292628233147448	1.0
0.4966596537285561	0.6747709621460299	1.0
0.3891316695681983	0.9274579104763789	1.0
0.43512286929076865	0.90449764784108	1.0
0.47035942424151755	0.8132921489480027	1.0
0.3994331393066476	0.8046419860664722	1.0
0.4686134019228325	0.7836066120058813	1.0
0.45912247502383824	0.6964757802859245	1.0